0
0.51676
0.51676
1.96317
1.96317
1.99674
1.99674
1.99674
1.99674
1.91549
1.51033
1.51033
1.51033
1.51033
1.86971
1.86971
1.86971
1.76908
1.76908
1.76908
1.61153
1.61153
1.61153
1.2693
1.32236
1.32236
0.344192
1.02885
1.02885
1.02885
1.12598
1.12598
0.511512
0.433432
0.433432
0.690906
1.37436
1.13705
1.70654
1.70654
1.70654
1.70654
1.31632
0.288202
0.288202
0.427927
0.286227
0.297788
1.44633
1.44633
1.5477
1.5477
1.92945
1.92945
1.92945
1.92945
1.67914
1.67914
1.67914
1.67914
1.67914
1.67914
1.35961
0.323987
0.323987
0.675692
0.675692
0.675692
0.754743
1.27248
1.27248
1.27248
0.942912
0.826128
1.09558
1.09558
1.53813
0.560492
0.560492
1.26489
1.87255
1.81967
1.81967
1.81967
1.44876
0.818448
0.818448
1.51937
1.51937
1.93698
1.66109
1.8322
1.8322
1.8322
1.8322
1.8322
1.8322
1.8322
1.8322
1.92538
1.92538
1.92538
1.92538
1.97727
1.33692
1.33692
1.33692
1.54849
1.54849
0.863425
0.898078
1.55587
1.90428
1.6828
1.87569
1.87569
1.37772
1.37772
1.94457
1.94457
1.94457
1.94457
1.94457
1.94457
1.27743
1.27743
1.03076
1.03076
1.03076
1.03076
1.002
1.002
1.002
1.90614
1.90614
1.90614
1.90614
1.90614
1.90614
1.62933
1.62933
1.62933
1.62933
1.07875
1.21115
1.91901
1.91901
1.91901
1.91901
1.46891
1.46891
1.46891
1.46891
1.46891
1.46891
1.68351
1.51765
1.51765
1.51765
1.55629
1.55629
1.55629
1.55629
1.55629
1.72106
1.72106
1.72106
1.72106
1.72106
1.72106
1.72106
1.92959
1.59257
1.98287
1.98287
1.98287
1.33713
1.81857
1.89225
1.89225
1.92768
1.92768
1.92768
1.92768
1.60256
1.60256
1.2533
1.03701
1.03701
1.03701
0.904328
0.716186
1.04782
0.914662
0.57939
0.57939
1.25356
1.25356
1.25356
1.15663
1.14446
0.438713
0.255672
0.255672
0.255672
0.255672
0.255672
0.255672
0.255672
0.255672
0.255672
0.195716
0.578528
1.44366
1.6882
1.6882
1.6882
1.6882
1.3662
0.226274
0.807226
0.807226
0.807226
1.58636
1.58636
1.58636
1.67562
1.67562
1.67562
1.67562
1.67562
1.52595
1.16068
1.16068
1.16068
1.80707
1.80707
1.80707
1.41308
1.97926
1.97926
1.97926
1.97926
1.97926
1.97926
1.97926
1.97926
1.97926
1.97926
1.97926
1.97926
1.97926
1.97926
1.97926
1.97926
1.97926
1.97926
1.97926
1.8236
0.911631
0.911631
0.911631
0.874275
0.874275
1.70183
1.70183
1.70183
1.70183
0.527152
0.527152
0.735518
0.735518
0.735518
0.872151
0.872151
1.86654
1.86654
1.60622
1.60622
1.60622
1.60622
1.48933
1.08891
1.05797
1.02421
1.53164
1.36516
1.36516
1.47546
1.47546
1.81883
1.81883
1.81883
1.81883
1.81883
1.48932
1.48932
1.46609
1.68643
0.988271
0.988271
0.814199
0.341455
0.341455
0.673954
0.673954
1.49074
1.49074
1.49074
1.49074
1.49074
1.49074
1.49074
1.86785
1.40046
1.87812
1.87812
1.87812
1.87812
1.87812
1.87812
1.63469
1.63469
1.67578
0.969647
1.16863
0.548964
1.66892
1.66892
1.66892
1.66892
1.66892
1.66892
1.66892
1.66892
1.66892
0.98613
0.653368
0.653368
0.653368
0.653368
0.653368
0.653368
0.653368
1.09502
1.21239
1.21239
1.65572
1.65572
1.65572
1.57263
1.57263
1.57263
1.43334
1.35764
1.35764
0.659159
0.876221
0.876221
0.876221
1.35166
1.35166
1.35166
0.711572
1.04351
1.04351
1.31822
1.90051
1.90051
1.90051
1.52874
1.57028
0.763326
0.763326
0.763326
0.763326
0.763326
1.6702
1.6702
1.70456
0.840126
0.840126
0.259637
0.765197
0.765197
0.9197
0.9197
0.9197
1.84209
1.52865
1.52865
1.41907
1.41907
1.41907
1.41907
0.569189
0.569189
0.569189
0.569189
0.569189
0.569189
0.569189
0.569189
1.48374
1.48374
1.48374
1.48374
1.48374
1.48374
1.48374
1.60113
1.60113
1.60113
1.60113
1.60113
1.60113
1.60113
1.60113
1.95606
0.566415
0.566415
0.667777
0.667777
0.667777
0.775219
0.775219
0.775219
1.05297
1.05297
1.05297
1.05297
1.05297
0.542475
0.542475
0.882848
0.994668
0.994668
0.578115
1.15552
1.15552
1.92175
1.5266
1.5266
0.857224
1.16351
1.16351
1.16351
1.16351
1.65994
1.65994
1.65994
1.45803
1.45803
1.84608
1.84608
1.84608
1.84608
1.84608
1.25532
1.46785
1.46785
0.919418
0.919418
0.919418
0.833666
0.833666
0.833666
0.833666
0.858308
1.14208
1.14208
1.14208
1.99577
1.99577
1.99577
1.99577
0.462679
1.50067
1.05113
1.05113
1.04189
0.761787
0.761787
1.58882
1.58882
1.29933
0.615962
1.45571
1.45571
1.10768
0.842085
0.842085
0.842085
0.842085
0.842085
0.449952
0.293906
0.716861
0.716861
0.542237
0.405923
1.58603
1.58603
1.58603
1.58603
1.58603
1.51106
1.51106
1.51106
1.51106
1.54307
1.54307
1.74895
1.74895
0.709772
1.09181
1.56369
1.35709
1.46625
1.46625
1.15289
1.15289
1.50765
1.50765
1.50765
1.56386
1.56386
1.33112
0.388006
1.36651
1.36651
1.36651
1.36651
1.36763
1.36763
1.36763
1.36763
1.36763
1.36763
1.36763
1.36763
0.936978
0.936978
0.721965
1.5214
1.5214
1.5214
1.5214
1.78033
1.78033
1.78033
1.84497
1.4842
1.4842
1.38351
1.16968
0.855939
1.7453
0.640665
0.640665
0.640665
0.810877
0.810877
0.810877
0.708337
0.708337
0.708337
0.708337
0.708337
0.708337
0.200219
0.200219
0.200219
0.173529
0.813355
0.395355
0.395355
0.395355
0.395355
0.395355
0.395355
0.753236
0.753236
1.70966
1.82205
1.82205
1.82205
1.82205
1.82205
1.82205
1.82205
1.82205
1.82205
1.82205
1.82205
1.82205
1.82205
1.82205
0.649436
1.75738
1.75738
1.88225
1.88225
1.70858
0.805017
0.805017
1.27389
1.27389
1.91324
1.91324
1.91324
1.29172
1.29172
1.29172
1.69002
1.69002
1.33677
1.31331
1.28204
1.35952
1.87727
1.87727
1.87727
1.87727
0.899847
0.899847
0.899847
1.983
1.983
1.983
1.44498
1.51569
1.51569
1.51569
1.51569
1.1959
1.20407
1.78319
1.78319
1.48703
0.794812
0.794812
0.794812
1.8678
1.8678
1.8678
1.8678
1.8678
1.33108
1.25059
1.25059
1.42107
1.20416
1.20416
0.916299
1.61014
0.579567
1.21482
0.101199
0.101199
0.101199
0.101199
0.101199
0.101199
0.101199
0.101199
0.101199
0.101199
1.27455
1.65966
1.17654
1.96729
1.96729
1.96729
0.759702
0.679719
1.23291
1.67836
1.67836
1.64598
1.3801
1.3801
0.660145
0.934289
0.837675
0.837675
1.53134
1.53134
1.53134
1.53134
0.620733
1.19295
1.19295
1.19295
1.19295
1.19295
1.88317
1.88317
1.7027
1.7027
1.2062
1.52929
1.37022
1.37022
1.37022
1.83646
1.37373
1.37373
1.37079
0.539528
0.623281
0.772237
1.56459
1.56459
0.606434
0.464995
0.361865
0.415162
0.415162
1.30293
1.84323
1.84323
1.87382
1.87382
1.87382
1.99161
1.99161
1.99161
1.99161
1.99161
1.99161
1.99161
1.99161
1.99161
1.99161
1.99161
1.99161
1.99161
1.84077
1.75529
1.4165
1.4165
1.30304
0.305656
0.872871
0.872871
1.0791
1.01259
1.11301
1.35941
0.53922
1.49848
1.49848
1.49848
1.49848
1.49848
1.49848
1.65418
1.13672
1.13672
1.16441
1.24482
0.278586
1.88181
1.88181
1.88181
1.43212
1.43212
1.43212
0.939004
1.80632
0.997659
0.997659
0.737378
0.324824
1.77169
1.77169
1.77169
1.77169
1.146
1.23991
1.25627
1.12321
1.12321
0.457313
1.1464
1.26786
1.26786
1.26786
1.26786
1.26786
1.26786
1.26786
0.737648
1.7815
1.7815
1.7815
1.7815
1.7815
1.99539
1.99539
1.28889
1.55278
1.64653
0.790843
0.744781
0.826263
1.42426
1.42426
1.42426
1.1716
1.1716
1.1716
1.1716
1.1716
1.1716
1.1716
1.1716
1.1716
1.1716
1.1716
1.1716
1.75908
1.75908
1.75908
1.75908
1.75908
1.75908
1.14602
1.50302
1.50302
1.73701
1.73701
0.434786
0.434786
0.434786
0.434786
0.434786
0.434786
0.434786
0.505158
0.73613
0.73613
0.73613
1.04657
1.04657
1.89823
1.02591
1.02591
0.462822
0.462822
0.309042
1.68933
1.18003
1.18003
1.18003
1.18003
1.18003
1.39311
1.39311
0.527784
0.527784
0.678835
1.16758
0.934218
0.742478
0.742478
1.25495
1.25495
1.82918
1.82918
1.82918
1.82918
1.82918
1.82918
1.51543
1.51543
1.42398
0.801107
0.801107
0.753495
0.753495
0.753495
0.670088
0.670088
0.670088
0.670088
0.670088
0.670088
1.53963
1.53963
1.53963
1.53963
0.706064
0.772479
1.22693
1.22693
0.569872
1.86217
1.86217
1.86217
1.86217
1.86217
1.22109
1.22109
1.21065
1.21065
1.52948
1.93909
1.93909
1.93909
1.85059
1.85059
1.85059
1.85059
1.85059
1.85059
1.85059
0.149727
0.251162
1.48573
1.98914
1.98914
1.98914
1.98914
1.98914
1.64287
1.64287
0.636189
0.636189
0.636189
0.636189
0.815421
0.815421
0.815421
0.815421
1.31989
1.86415
1.86415
1.86415
1.86415
1.49596
1.23778
1.13317
1.01836
1.29337
1.29337
1.34067
1.72677
1.72677
1.72677
0.779486
1.47775
1.47775
1.23647
1.36626
1.36626
1.22747
1.77593
1.77593
1.77593
1.77593
1.77593
1.93366
1.93366
1.44759
1.79327
1.79327
1.83736
1.83736
1.83736
1.47462
0.883428
0.883428
1.49241
1.49241
1.86262
1.86262
1.57521
1.57521
1.57521
1.85734
1.85734
1.53731
1.53731
1.38582
1.347
1.347
1.347
1.45806
1.45806
1.45806
1.73223
1.73223
1.73223
1.73223
1.73223
1.73223
1.73223
1.73223
1.19472
0.590158
0.905978
0.905978
0.905978
0.905978
0.905978
1.18117
1.18117
1.00816
1.00816
0.883274
1.00841
1.00841
1.6109
1.6109
1.7757
1.7757
0.674584
0.674584
1.82691
1.84991
1.84991
1.86084
1.48513
1.48513
1.64889
1.33273
1.33273
1.45231
1.45231
1.45231
1.45231
1.14086
0.850575
0.714256
1.00127
0.615312
1.38896
1.39259
1.03212
1.03212
1.18497
1.18497
1.18497
1.18497
1.18497
1.18497
1.18497
1.18497
0.95692
1.22441
1.99151
1.99151
1.99151
1.99151
1.99151
1.99151
1.94837
1.94837
0.635773
0.635773
0.635773
0.635773
0.854431
0.854431
0.854431
0.854431
0.854431
0.854431
0.854431
0.472378
0.472378
1.37627
1.7977
1.7977
1.7977
1.7977
1.7977
1.7977
1.7977
1.75957
1.75957
1.75957
1.45684
1.45684
1.99662
1.99662
1.99662
1.99662
1.99662
1.99662
1.99662
1.30575
1.30575
1.30575
1.30575
1.30575
1.30575
0.544898
0.544898
1.0228
0.878646
0.618915
1.37199
0.866818
1.10884
0.896626
1.67359
1.67359
0.24521
1.79152
1.79152
1.58356
1.10841
1.10841
1.10841
1.96792
1.96792
1.46004
1.51141
1.51141
1.51141
1.16134
1.16134
1.51812
1.51812
1.37425
0.72692
0.248867
1.79014
1.59501
1.59501
1.59501
1.59501
1.89968
1.89968
1.89968
1.89968
1.89968
1.89968
1.89968
1.89968
1.89968
1.89968
1.89968
1.89968
1.39874
1.39874
0.927315
0.927315
0.927315
1.64754
1.64754
1.64754
1.64754
1.64754
1.64754
1.46546
0.774014
0.774014
0.774014
1.00808
1.00808
0.53844
0.53844
0.53844
0.53844
0.53844
0.360202
0.360202
0.360202
0.360202
0.360202
0.360202
0.360202
1.59289
1.59289
1.59289
1.59289
1.59289
1.56435
1.39061
1.39061
1.39061
1.39061
1.18423
1.18423
0.737788
0.737788
1.54305
1.54305
1.54305
1.54305
1.54305
1.54305
1.54305
1.54305
1.49284
1.17532
0.937805
0.937805
0.945245
0.945245
0.945245
0.772195
0.772195
0.772195
0.772195
0.772195
0.772195
0.546613
0.111494
1.69752
1.69752
1.34709
1.34709
1.4743
1.51585
1.51585
1.51585
1.51585
1.51585
1.51585
1.51585
1.51585
1.51585
1.51585
1.51585
0.564691
0.486028
0.486028
0.486028
1.03563
1.03563
1.03563
1.25355
1.32284
1.96846
1.76922
1.76922
1.76922
1.76922
1.73833
1.73833
1.73833
1.37481
1.37481
1.37481
1.37481
1.37481
1.37481
1.37481
1.37481
1.37481
1.68986
1.68986
1.68148
1.51557
1.51557
1.32362
0.756538
0.756538
0.756538
0.996803
0.538724
1.14548
1.14548
0.815813
1.19369
1.57629
1.57629
1.86291
1.86291
1.86291
1.6166
1.39403
1.39403
1.70069
1.70069
1.70898
0.964267
1.38254
1.38254
1.87081
1.87081
1.87081
1.87081
1.87081
1.87081
1.87081
0.586931
0.586931
0.586931
0.586931
0.586931
1.06248
1.06248
1.49748
1.49748
1.11147
1.11147
1.73599
1.73599
1.73599
1.73599
1.73599
1.80904
1.14457
1.14457
1.14457
1.14457
1.14457
1.19081
1.19081
0.851537
0.851537
0.851537
1.21361
1.43184
1.43184
1.43184
1.00147
0.866475
0.866475
0.578072
0.578072
0.578072
1.49357
1.49357
1.49357
1.49357
1.50767
1.22151
0.873339
0.873339
1.84396
1.89042
1.89042
1.79526
0.727189
1.71755
1.71755
1.71755
1.71755
1.71755
1.71755
1.71755
1.71755
1.71755
1.71755
0.433295
0.717033
0.717033
1.10776
1.64502
1.64502
1.7785
1.7785
1.7785
1.7785
0.92792
0.92792
0.92792
0.92792
1.3528
1.62172
1.62172
1.62172
1.33738
1.33738
1.82563
1.62639
1.76937
1.76937
1.76937
1.76937
1.76937
0.411081
0.411081
0.399273
0.399273
1.78401
1.78401
1.78401
1.78401
1.78401
1.21901
0.613667
0.608917
0.795735
1.95014
1.95014
1.95014
1.95014
1.95014
1.95014
1.95014
1.68968
1.68968
1.68968
1.68968
1.68968
1.68968
1.66223
1.66223
1.66223
1.6239
1.6239
1.33332
1.33332
0.281517
0.81813
0.407609
0.631444
1.676
1.676
1.9704
1.9704
1.11589
1.11589
1.11589
1.11589
0.874442
1.63535
1.97762
1.97762
1.97762
1.97762
1.97762
1.97762
1.95376
1.95376
1.95376
1.45743
1.45743
1.45743
1.45743
1.13116
1.17459
1.17459
0.412156
1.02585
1.38552
1.00292
1.00292
1.51837
1.27869
1.27869
1.4199
1.4199
1.549
1.47204
1.13113
1.80161
1.54769
1.54769
1.54769
1.17253
0.78056
0.78056
0.78056
0.78056
0.78056
1.8568
1.8568
1.8568
1.8568
1.8568
1.23729
1.74528
1.74528
1.74528
1.17445
1.61218
1.54895
0.800408
1.19644
0.743836
1.19649
1.21365
1.21365
1.21365
1.6661
1.6661
1.93893
1.93893
1.93893
1.93893
1.93893
1.06879
1.06919
0.460288
0.206885
0.206885
1.89609
1.89609
1.89609
1.58378
1.58378
0.977504
0.977504
1.36677
1.36677
1.54868
1.13505
1.77948
1.77948
1.89875
1.89875
1.89875
1.89875
1.89875
1.89875
1.89875
0.750566
0.750566
0.750566
0.750566
1.84924
1.84924
1.84924
0.417804
1.13187
1.13187
1.06261
1.78772
1.78772
1.66916
1.00584
1.00584
1.00584
1.00584
1.92167
1.92167
1.92167
1.92167
1.38385
1.38385
1.78902
1.82047
1.82047
1.63602
1.63602
1.63602
1.63602
0.991775
0.991775
1.64769
1.86479
1.86479
1.86479
1.86479
1.86479
1.86479
1.86479
1.86479
1.86479
1.86479
1.71687
1.71687
1.71687
1.80564
1.80564
1.80564
1.94501
1.72202
1.87103
0.399773
1.57752
1.99209
1.99209
1.99209
1.99209
1.84745
0.893833
1.01912
1.73565
1.73565
1.51433
1.82038
1.82038
1.82038
1.82038
1.82038
1.27063
1.09985
1.09985
1.18746
1.18746
1.18746
1.18746
1.27316
1.27316
1.27316
1.27316
1.27316
1.27316
1.8333
1.63361
1.26251
1.26251
1.26251
1.26251
1.26251
1.37194
1.50393
1.84625
1.84625
1.10849
1.69957
1.91474
1.91474
1.91474
1.91474
1.91474
0.698983
0.667004
0.799674
1.50915
0.993345
0.671785
0.671785
1.12526
1.05667
1.05667
1.05667
1.05966
1.05966
1.05966
1.05966
1.02868
1.02868
1.02868
0.571385
0.571385
1.83546
1.83546
1.36183
1.33493
1.33493
0.913169
0.913169
1.30434
1.30434
1.50857
1.50857
0.437827
0.437827
1.37321
1.37321
0.597846
0.597846
0.597846
0.597846
0.647036
0.92567
0.92567
0.92567
1.40895
1.40895
1.40895
1.89763
1.98116
1.98116
1.98116
1.98116
1.82903
1.82903
1.82903
1.66395
1.66395
1.1172
1.42111
1.42246
1.42246
1.42246
1.14982
1.14982
1.15767
1.15767
1.75812
1.48079
1.48079
1.48079
1.48079
1.48079
1.48079
1.48079
1.48079
1.48079
1.48079
1.79334
1.79334
1.75999
1.75999
1.75999
1.80975
1.20425
1.15649
1.15649
1.78665
1.78665
1.78665
1.78665
1.78665
1.78665
1.78665
1.78665
1.78665
0.648231
0.912666
0.912666
0.912666
0.739141
1.20361
1.20361
1.20361
1.20361
1.20361
1.20361
1.294
1.294
1.52275
1.52275
1.52275
1.52275
0.967614
1.61143
1.61143
1.53189
1.63487
1.16127
1.16127
1.43755
1.43755
0.833999
0.595919
0.259835
0.259835
0.259835
0.259835
1.63139
1.63139
1.13901
0.70373
0.192033
1.72809
1.50734
1.99932
1.6291
1.20117
1.20117
1.20117
1.07543
1.07543
1.07543
1.66232
1.49056
1.49056
1.49056
1.49056
1.00651
0.288693
1.4614
1.45497
1.45497
1.45497
1.45497
1.45497
1.45497
1.45497
1.45497
1.45497
1.45497
1.69044
1.69044
1.12629
1.44743
1.44743
1.44743
1.44743
1.44743
1.44743
0.204618
0.204618
0.204618
0.204618
0.204618
1.43534
1.37542
1.37175
0.608349
0.732329
1.19692
1.19692
0.938879
1.49911
1.49911
1.20346
1.20346
1.20346
1.20346
1.84482
1.84482
1.84482
0.879495
0.879495
0.879495
0.879495
0.879495
0.879495
0.879495
1.65937
1.65937
0.873027
1.81906
1.81906
1.81906
1.59823
1.83344
1.83344
1.83344
1.83344
1.72279
1.72279
1.72279
1.67552
1.16045
0.465014
0.465014
0.465014
0.592547
1.22783
1.47046
1.34709
1.34709
1.44344
1.25648
0.989834
0.989834
0.989834
1.99259
1.04323
1.1687
1.67831
1.78521
1.3855
1.3855
1.3855
1.3855
1.3855
1.3855
1.3855
1.88909
1.88909
1.90041
1.90041
1.90041
1.90041
1.90041
1.90041
1.60047
1.60047
1.60047
1.60047
1.50135
1.78202
1.78202
1.78202
1.78202
1.78202
1.78202
1.78202
1.78202
1.86384
1.86384
1.86384
1.86384
1.23268
1.23268
1.76041
0.973984
0.973984
0.973984
0.973984
1.13499
1.13499
0.865662
1.59045
1.65577
1.65577
1.58764
1.58764
1.50014
1.50014
1.50014
1.50493
1.50493
1.45767
1.45767
1.45767
1.45767
1.33681
1.74714
1.64735
1.64735
1.54605
1.54605
1.54605
1.54605
1.54605
1.54605
1.54605
1.6196
1.6196
1.6196
1.6196
1.6196
1.75041
1.75041
1.62166
1.62166
1.62166
0.512059
0.512059
1.44839
1.44839
1.44839
1.11461
1.17935
1.17935
1.17935
1.61968
1.61968
1.30042
1.30042
1.30042
1.30042
1.30042
1.39954
1.57908
1.57507
1.57507
1.57507
1.36144
1.36144
1.36144
1.73985
1.73985
1.73985
1.73985
1.34937
1.34937
1.05212
0.948804
0.948804
0.948804
1.37046
1.8102
1.69077
1.69077
1.69077
1.69077
1.69077
1.69077
1.82531
1.08764
1.08764
1.08764
1.08764
1.42099
1.42099
1.42099
1.63672
1.63672
1.63672
1.63672
0.823715
0.823715
0.823715
0.823715
0.229857
1.79951
1.79951
1.79951
1.79951
1.60695
1.60695
1.60695
1.83046
1.83046
1.83046
0.847442
0.847442
0.847442
0.847442
0.847442
0.658002
0.647484
0.647484
0.647484
1.23731
1.08686
1.08686
1.44877
1.16346
1.16346
1.12138
1.95647
1.95647
1.95647
1.95647
1.95647
1.74894
1.70182
0.970847
1.89359
1.89359
0.725423
0.7816
1.55925
1.68296
1.68296
1.68296
1.68296
1.68296
1.68296
1.08542
1.08542
1.08542
1.08542
1.08542
1.60186
1.60186
1.60186
1.60186
1.35389
1.3485
0.457855
1.64911
1.32445
0.698926
0.698926
0.698926
1.36773
0.986535
1.15131
1.15131
0.991344
1.89429
0.894205
1.19258
0.98337
0.98337
1.89634
1.31581
1.31581
1.84468
1.84468
1.84468
1.84468
1.84468
1.84468
1.84468
1.84468
1.84468
1.84468
1.34265
1.34265
1.34265
1.34265
1.34265
1.34265
1.44629
1.95126
1.95126
1.95126
1.51982
1.96451
1.96451
1.96451
1.88339
0.926655
1.63743
1.98026
1.98026
1.98026
1.98026
1.98026
1.98026
1.98026
1.04662
1.04662
1.04662
1.04662
0.169808
1.18396
1.80911
1.80911
1.80911
1.80911
1.80911
1.80911
1.80911
1.27269
1.27269
1.27269
1.27269
0.42864
0.42864
1.07269
1.0275
0.683768
0.683768
0.77515
0.268921
0.268921
0.892642
1.05749
1.84841
1.19224
1.19224
1.19224
1.19224
1.19224
0.571916
0.571916
0.571916
0.571916
1.35597
1.81277
1.81277
1.81277
1.81277
1.81277
1.81277
1.81277
1.81277
1.81469
1.81469
1.81469
1.83407
1.99328
1.99328
1.99328
1.86801
1.95869
1.95869
1.80607
1.80607
1.80607
1.80607
1.80607
1.80607
1.80607
1.80607
1.80607
1.80607
1.80607
1.29735
1.29735
1.29735
1.29735
0.627984
0.627984
1.12156
1.21604
1.21604
1.04596
0.785333
0.785333
0.785333
0.881157
0.480936
0.480936
0.480936
0.480936
0.480936
0.2457
1.35902
0.871468
1.11959
0.616771
0.616771
0.483329
1.15441
1.35247
0.85153
1.26633
0.790321
0.790321
0.790321
1.3345
1.38297
0.709554
0.709554
0.709554
0.709554
0.709554
0.373258
1.18396
1.15182
1.17073
1.45702
1.45702
0.402315
0.387055
0.387055
1.5883
1.5883
1.5883
1.41555
1.09274
1.09274
1.09274
1.09274
1.09274
1.34412
1.34412
1.6732
1.65041
1.79754
1.44911
1.44911
1.44911
1.44911
0.706451
0.706451
1.34097
1.00575
1.00575
1.00575
1.00575
1.00575
1.22325
1.22325
1.22325
1.22325
1.48712
1.48712
1.48712
1.48712
0.496456
1.04645
0.741442
1.6975
1.6975
1.87847
1.87847
1.87847
1.87847
1.87847
1.87847
1.87847
1.87847
1.87847
1.03373
1.79376
1.79376
1.71377
1.94869
1.51942
1.23548
0.6799
1.61665
1.61665
1.58858
1.58858
1.58858
1.58858
1.58858
1.58858
1.97777
1.97777
1.33877
1.33877
1.72159
1.72159
1.72159
1.85428
1.79722
1.07997
1.07997
1.89257
1.46048
0.706983
1.16628
1.16628
0.58138
0.856486
0.856486
0.856486
0.291388
0.291388
0.291388
0.430685
0.958369
0.812329
0.938389
0.938389
1.85465
1.85465
1.85465
1.95639
1.95639
1.88054
1.90837
1.90837
1.90837
0.372988
0.372988
0.583463
1.17682
1.15766
1.15766
1.15766
1.43802
1.43802
1.70662
1.70662
1.70662
0.736015
1.85435
1.85435
1.16844
1.50596
1.20459
1.20459
0.723395
1.7
1.7
1.7
1.84584
1.84584
1.84584
1.84584
1.23895
1.94149
1.94149
1.94149
1.94149
1.94149
1.94149
1.94149
1.94149
1.94149
1.94149
1.94149
1.94149
1.94149
1.94149
1.21048
1.21048
1.21048
1.21048
1.21048
1.49325
1.21773
1.84431
1.84431
1.08596
1.15364
1.15364
1.21404
1.21404
1.61946
1.61946
1.61946
1.98749
1.98749
1.5427
1.5427
0.789673
0.789673
0.789673
0.999385
0.999385
1.37122
1.30439
1.30439
1.30439
1.23756
1.23756
1.35697
1.07045
1.07045
1.07045
1.05247
1.05247
1.05247
1.05247
1.05247
1.05247
1.05247
1.05247
1.22905
1.22905
0.912399
1.6747
1.60447
1.47377
1.47377
1.47377
1.02284
1.81756
1.81756
0.820077
1.5637
1.5637
1.18196
1.18196
1.18196
1.02921
0.894962
1.98093
0.706625
0.706625
0.706625
1.42326
1.42326
1.42326
1.42326
1.42326
1.51402
0.583402
0.583402
0.583402
0.96062
0.96062
1.40566
0.493341
1.13108
1.13108
1.97983
1.97983
1.54287
1.54287
1.85528
1.67689
1.49195
0.98181
0.98181
0.551897
0.551897
0.732884
0.732884
0.732884
1.20787
1.20787
1.20787
1.79592
1.79592
1.79592
1.79592
0.849693
0.849693
0.849693
1.3041
1.03323
1.03323
0.929014
0.929014
1.63007
1.63007
1.63007
0.66327
1.24866
1.24866
1.46659
0.5943
0.5943
0.189029
0.257314
0.257314
0.257314
0.257314
0.257314
0.257314
0.940852
0.62755
0.62755
1.55814
1.55814
1.80853
1.80853
1.26016
1.26016
1.43958
1.01607
1.01607
1.11907
1.11326
1.11326
1.11326
1.11326
1.11326
1.11326
0.962177
1.60206
1.60206
1.01749
1.01749
0.390617
0.331435
0.331435
0.847088
0.847088
1.37956
1.37956
1.10979
1.24619
1.24619
1.24619
1.10321
1.10321
1.10321
1.83373
1.83373
1.99134
1.39008
1.39008
1.39008
1.39008
1.90744
1.90744
1.90744
1.90744
1.90744
1.88413
1.88413
1.88413
1.88413
1.79071
1.79071
1.94353
1.75504
1.75504
1.3714
0.652941
0.707946
0.548938
1.34398
1.65639
1.65639
1.65639
1.65639
1.65639
1.65639
1.65639
1.65639
1.28487
1.31167
0.539549
0.539549
0.544644
0.658785
0.633515
1.12799
1.99944
1.99944
1.99944
1.99944
1.99944
1.64752
1.64752
1.64752
1.7366
1.7366
0.985673
0.985673
0.985673
0.985673
0.985673
0.985673
0.734384
0.734384
1.52767
1.52767
1.92315
1.19674
1.06353
0.939557
0.939557
1.65637
1.5085
0.636937
0.636937
1.23874
1.23874
1.91271
1.91271
1.91271
1.91271
1.91271
1.91271
1.91271
1.58809
1.58809
1.95956
1.78257
1.54209
1.54209
0.389292
0.461787
0.461787
0.461787
0.461787
0.461787
0.820245
1.97982
1.97982
1.97982
1.14318
1.14318
1.14318
1.23861
1.6107
1.57818
1.57818
1.57818
1.38058
1.38058
1.56761
1.56761
1.79424
1.79424
0.893798
0.459017
1.42007
1.42007
1.42007
1.42007
1.42007
1.42007
0.85883
0.85883
0.85883
1.37985
1.30366
1.90156
1.90156
1.90156
1.90156
1.90156
1.90156
1.90156
1.07697
1.07697
1.39693
1.876
1.876
1.95922
1.95922
1.95922
1.95922
1.95922
1.95922
1.95922
1.95922
1.95922
1.95922
1.95922
1.95922
1.95922
1.17943
1.17943
1.17943
1.17943
1.17943
1.17943
1.59861
0.760465
0.760465
1.56819
1.35467
1.91993
1.91993
1.91993
1.91993
1.91993
1.91993
1.91993
1.91993
1.91993
1.84847
1.84847
1.84847
1.84847
1.84847
1.84847
1.84847
1.84847
1.84847
1.84847
1.78389
1.78389
1.78389
1.78389
1.30254
1.35066
1.19375
1.19375
1.35192
1.40255
1.61818
1.1835
1.1835
1.82237
0.511141
0.511141
0.655371
0.655371
0.655371
0.893691
0.930058
0.780374
1.0204
1.0204
1.0204
1.0204
1.0204
0.572195
1.45383
1.04222
0.840798
1.98303
1.98303
1.98303
1.792
1.09936
0.573282
0.573282
1.90401
1.90401
1.90401
1.72991
0.955925
1.33752
1.33752
1.33752
1.33752
1.33752
0.660153
0.660153
1.42187
1.42187
1.59929
0.494822
0.494822
0.430221
1.49199
1.49199
1.49199
1.49199
1.49199
1.49199
1.49199
1.13033
0.965329
0.965329
0.965329
0.965329
0.965329
0.524537
0.524537
0.24424
0.204061
0.204061
0.204061
0.204061
0.204061
1.317
0.399444
0.750959
1.41794
1.41794
1.48333
1.48333
1.07336
1.18405
1.18405
1.18405
1.27273
0.75313
1.2842
1.2842
0.370075
0.370075
1.31804
1.14477
1.74032
1.74032
1.04567
1.6632
1.17336
1.17336
1.36973
1.36973
1.53205
1.53205
1.40631
1.40631
0.74037
1.80986
1.65342
1.89541
1.96007
1.96007
1.96007
1.96007
1.31648
0.876612
0.876612
0.876612
1.4741
1.4741
1.4741
1.4741
1.4741
1.4741
1.382
0.739465
0.739465
1.69863
1.69863
1.3574
1.3574
1.3574
1.0315
1.0315
1.5964
0.567883
1.28085
1.12221
1.75574
1.30412
0.497806
0.454477
0.454477
0.670758
0.670758
1.35677
1.91158
1.91158
1.49231
1.57252
1.57252
1.4449
1.35685
1.39731
1.55369
1.90459
1.19033
0.598349
1.42525
1.42525
1.42525
0.700365
0.301609
0.301609
0.301609
0.301609
0.301609
0.301609
0.301609
0.301609
0.301609
0.301609
0.301609
0.477851
0.477851
0.477851
0.682311
1.27783
1.08226
1.3579
1.9806
1.93702
1.93702
1.52531
1.52531
1.52531
0.726063
0.966874
0.966874
0.81766
0.81766
0.81766
0.81766
0.81766
1.75335
1.75335
1.75335
1.75335
1.75335
1.75335
0.971381
1.05602
1.01292
1.01292
1.01292
1.34006
0.905653
0.905653
1.43406
1.39792
1.39792
1.39792
1.39792
0.745072
0.745072
1.13517
1.13517
0.54097
0.54097
0.756581
0.756581
0.756581
1.75886
1.59525
1.44437
1.44437
1.44437
1.98332
1.98332
1.8463
1.15839
1.80957
1.80957
0.832074
1.0586
1.0586
1.0586
1.0586
1.35628
1.35628
0.346663
0.346663
1.68987
1.84604
1.95651
1.95651
1.95651
1.95651
1.95651
1.95651
1.02343
1.02343
0.806457
0.897216
1.97727
1.97727
1.97727
1.97727
1.81011
1.63778
1.63778
1.63778
1.43591
1.43591
1.43591
1.22719
0.0513201
0.190974
1.67584
1.67584
1.28692
0.685766
0.685766
1.50749
1.50749
1.50749
1.50749
1.50749
1.90754
1.90754
1.90754
1.90754
1.00954
1.87689
1.87689
1.87689
1.87689
1.97177
1.97177
1.97177
1.97177
1.41669
1.41669
1.41669
0.722241
1.46531
1.4137
1.4137
1.4137
1.4137
1.78715
1.78715
1.69488
1.69488
1.69488
1.69488
1.70262
1.70262
0.93367
1.69155
1.1421
1.1421
1.1421
1.71485
1.71485
1.71485
1.71485
1.71485
0.615295
0.615295
0.615295
0.615295
0.571123
0.591314
0.591314
0.979827
0.979827
0.979827
0.979827
0.979827
1.64269
0.853563
1.34283
1.09985
1.09985
0.303514
0.303514
0.303514
0.303514
0.303514
0.303514
1.38469
1.38469
1.38469
1.74826
1.74826
1.74826
1.74826
1.74826
1.74826
1.74826
1.38379
1.38379
1.38379
1.38379
0.689085
0.804185
0.804185
0.842152
1.24987
1.163
1.163
1.163
1.13146
1.5726
1.48109
1.35672
1.35672
1.58435
0.702254
0.702254
0.702254
0.702254
0.707314
0.707314
0.745679
0.627186
1.77393
1.77393
1.77393
1.77393
1.83783
1.83783
1.07279
1.07279
1.1921
0.677106
0.677106
1.55858
1.63314
1.1045
1.07211
1.07211
0.854906
0.854906
0.854906
0.938261
1.06051
0.828041
0.828041
0.828041
0.828041
0.828041
0.828041
1.3469
1.3469
1.3469
1.3469
1.3469
1.86293
1.36325
1.86048
1.86048
1.86048
1.86048
1.46646
1.46646
1.46646
1.46646
1.46646
1.46646
1.46646
1.46646
1.46646
1.46646
1.46646
1.46646
1.46646
1.46646
1.46646
1.46646
0.800985
1.11163
1.5385
1.5385
1.5385
1.5385
1.34387
1.34387
1.34387
1.34387
1.27825
1.27825
1.27825
1.27825
0.756178
1.24188
1.24188
1.51721
1.51721
1.21405
1.83617
1.83617
1.83617
1.83617
1.83617
1.83617
1.83617
1.83617
1.83617
1.99339
1.21212
0.641358
0.641358
0.641358
1.4278
1.97235
1.97235
1.97235
1.97235
1.97235
1.94953
1.94953
1.89667
1.60627
1.60627
1.60627
1.60627
1.60627
1.88351
1.88351
1.88351
1.2735
1.2735
1.2735
1.2735
1.10868
1.10868
1.10868
1.03783
1.30346
1.30346
1.86601
1.98419
1.98419
1.75868
1.75868
1.75868
0.726703
1.48925
1.74227
1.74227
1.74227
1.84419
1.7326
1.71733
1.71733
1.71733
1.5988
0.851795
0.851795
1.74302
1.22817
1.22817
1.22817
1.34875
1.72408
0.987122
0.987122
0.872154
0.872154
1.55338
1.55338
1.55338
1.55338
1.55338
1.55338
1.55338
0.803027
0.505893
0.505893
1.32418
1.32418
1.42338
0.766176
1.78064
1.78064
1.09017
1.12273
1.86201
1.8406
0.961136
1.40243
1.40025
1.40025
1.73779
1.73779
0.717338
0.717338
1.02683
1.69299
1.69299
1.56464
1.56464
1.9705
1.9705
1.9705
1.9705
1.51681
1.51681
1.51681
1.51681
1.51681
1.57196
1.57196
1.57196
1.57196
1.71574
1.71574
1.71574
1.94197
1.94197
1.94197
1.98011
1.36823
1.36823
1.36823
1.8999
1.8999
1.38233
1.38233
1.41384
1.41384
1.91549
1.91549
1.91549
1.91549
1.91549
1.91549
1.42027
0.895322
0.895322
0.895322
1.50836
1.50836
1.01531
1.25323
1.60042
1.60042
1.60042
0.796407
0.796407
0.796407
1.16149
1.06784
1.06784
0.496239
0.496239
0.548897
0.548897
0.535944
1.17441
1.17441
1.17441
1.71313
1.71313
1.71313
0.94054
0.677452
0.656393
1.8773
1.8773
1.8773
1.8773
1.2849
0.92542
1.97841
1.97841
1.97841
1.97841
1.97841
1.4679
1.4679
1.4679
1.4679
1.40798
1.3677
1.3677
1.3677
1.3677
1.90699
1.90699
1.90067
1.90067
1.90067
0.279797
0.279797
0.279797
0.279797
0.809603
1.77947
0.764507
0.764507
1.13912
1.13912
1.80977
1.80977
1.80977
1.80977
1.80977
1.80977
1.80977
0.955538
1.4091
1.4091
1.4091
1.62696
1.62696
1.62696
1.62696
1.62696
1.57509
1.57509
1.57509
1.57509
1.57509
1.57509
1.57509
0.470903
1.99057
1.99057
1.99057
1.99057
1.4827
1.4827
1.4827
1.89446
1.89446
1.89446
1.89446
1.89446
1.89446
1.89446
1.24665
1.24665
1.24665
0.864234
0.374012
0.374012
0.467978
0.547055
0.547055
1.30845
0.97492
0.97492
0.97492
1.06013
1.06013
1.06013
1.06013
1.06013
0.750699
0.750699
0.694313
1.20125
1.42583
1.42583
0.937309
1.9559
1.9559
1.62976
1.62976
1.62976
1.91121
1.74095
0.698114
0.698114
1.46598
0.620225
1.13212
1.0814
1.0814
1.0814
1.65749
1.65749
1.65749
1.65749
0.725069
0.725069
0.793644
0.793644
0.793644
0.793644
0.793644
0.793644
0.793644
1.34912
1.34912
1.34912
1.34912
1.34912
1.34912
1.34912
1.34912
1.34912
1.34912
1.34912
1.39214
1.39214
1.65917
1.93162
1.93162
1.93162
1.85322
1.13766
1.29689
1.29689
1.29689
1.29689
1.78552
1.32622
1.32622
1.32622
1.48622
1.13165
1.43333
1.49355
1.33461
1.00113
1.00113
1.00113
1.00113
1.94525
1.59805
1.88912
1.21029
1.21029
1.21029
1.63312
1.63312
1.63312
1.63312
1.69845
1.71456
1.71456
0.603126
0.240697
0.240697
0.903323
0.903323
0.903323
0.924275
1.58258
1.39764
1.66163
1.66163
1.73085
1.73085
1.12163
1.53131
1.53131
1.53131
1.53131
1.52081
1.52081
1.52081
1.57993
1.08045
1.27163
1.27163
1.86818
1.86818
1.2391
1.63291
1.89385
1.71821
1.71821
1.71821
1.90273
1.35668
0.909686
1.83994
1.83994
1.83994
1.95592
1.95592
1.27187
1.70791
1.77337
1.77337
1.64568
1.64186
1.77668
1.21972
1.21972
1.21972
1.91364
1.64917
1.34702
1.34702
1.4338
1.86452
1.86452
1.86452
1.86452
1.26246
1.26246
1.62957
1.62957
1.98657
1.98657
1.98657
1.96
1.96
1.96
1.96
1.96
0.948616
0.948616
1.88596
1.69722
1.90448
1.90448
1.90448
1.90448
1.21848
1.21848
1.03067
1.03067
1.2959
1.2959
1.2959
1.2959
1.2959
1.78344
1.37853
1.37853
1.37853
1.37853
1.37853
1.57509
1.15464
0.621782
0.959975
0.959975
0.542092
0.542092
0.542092
0.542092
1.63566
1.69056
1.69056
1.0554
1.0554
1.52434
1.52434
1.52434
1.52434
0.95594
0.894999
0.894999
0.894999
0.972004
0.972004
1.95961
1.95961
1.95961
1.84172
1.84172
1.84172
0.903322
0.903322
0.903322
1.13533
1.60736
1.60736
1.60736
1.75785
1.75785
1.8052
1.84941
1.84941
1.95301
1.02206
1.3892
1.3892
1.3892
0.729539
0.518557
0.518557
0.518557
0.819049
1.92375
1.92375
1.92375
1.92375
1.92375
1.92375
1.92375
1.92375
1.92375
1.92375
1.92375
1.92375
1.92375
1.92375
1.92375
1.92375
1.92375
1.92375
1.92375
1.92375
1.92375
1.92375
1.92375
1.08719
1.08719
1.65717
1.65717
0.841669
1.34515
1.34515
1.7215
0.998819
1.99315
1.99315
1.99315
1.99315
1.27195
1.39919
1.39919
1.68611
1.81429
1.81429
1.81429
1.81429
1.81429
1.92521
1.3464
1.07495
1.7237
1.1154
1.1154
1.1154
1.1154
0.668098
0.668098
0.649519
0.649519
0.649519
0.253507
0.253507
0.253507
0.912932
0.912932
0.912932
0.912932
1.26582
1.26582
1.47161
1.47161
1.36719
1.18209
1.18209
1.3554
1.17126
1.04977
1.04977
1.48056
1.48056
1.9975
1.9975
1.9975
1.81079
1.81079
0.564561
1.12628
1.12628
1.77976
0.874035
1.05515
1.05515
1.05515
1.05515
1.05515
1.0381
1.48541
1.48541
1.1676
0.534299
0.725376
0.725376
0.725376
0.140637
0.140637
0.140637
0.140637
0.451175
0.451175
1.55213
1.37962
1.37962
1.86924
1.86924
1.49565
1.63196
1.99876
1.74448
1.74448
1.74448
1.17344
1.74811
1.74811
1.74811
1.74811
1.74811
1.74811
1.74811
1.74811
1.74811
1.74811
1.87579
1.96996
1.28937
1.28937
1.28937
0.611322
0.611322
0.611322
0.611322
0.611322
0.769048
0.989247
0.823297
1.38153
1.38153
1.38153
1.38153
0.306554
0.238165
0.371287
0.371287
0.371287
1.50911
1.50911
1.46571
1.88999
1.88999
1.88999
1.88999
1.88999
1.88999
0.95764
1.21307
1.21307
0.951052
0.951052
0.458855
0.458855
0.458855
0.817245
0.817245
0.817245
0.817245
0.817245
0.817245
0.817245
1.74741
1.74741
1.74741
1.74741
1.74741
1.74741
1.74741
1.94317
1.94317
1.38901
1.15983
1.15983
0.904861
1.86079
1.5244
1.5244
1.5244
1.5244
1.5244
1.31389
1.31389
1.31389
1.31389
1.31389
1.31389
1.31389
1.95954
1.95954
0.927441
1.48672
1.48672
1.90022
1.90022
1.68289
1.45259
0.703149
1.96669
1.96669
1.96669
1.96669
0.211462
1.48883
1.89646
1.89646
1.84117
1.84117
1.84117
1.84117
1.84117
1.84117
1.84117
1.84117
1.84117
1.84117
1.84117
1.71515
1.71515
1.71515
1.71515
1.71515
1.71515
1.82934
0.556234
0.556234
0.556234
1.45539
1.58139
1.58139
0.401142
0.656461
0.656461
0.656461
0.656461
0.427188
0.54704
0.54704
1.52207
1.52586
1.35573
1.35573
1.35573
1.32877
0.983161
1.44401
1.44401
1.44401
1.64385
1.64869
1.64124
1.64124
1.20171
0.740899
0.740899
1.09974
1.09974
1.60491
1.35706
1.35706
1.96632
1.96632
1.96632
1.96632
1.96632
1.58552
0.811217
1.51116
1.53908
1.53908
0.833291
1.51256
1.2869
1.2869
1.2869
1.35783
1.35783
1.45384
1.45384
1.45384
1.45384
0.556934
0.556934
1.06797
1.06797
1.08383
1.08383
1.08383
1.05226
1.64932
1.64932
0.577357
0.577357
0.577357
0.450137
0.450137
1.85258
1.85818
1.98811
1.98811
1.98811
1.4317
1.4317
1.4317
1.71758
1.71758
1.71758
1.71758
1.34978
1.36237
1.04981
1.04981
1.07721
1.07721
1.07721
0.659867
1.18279
1.18279
1.11286
1.11286
1.1643
0.499057
0.499057
0.77928
1.53715
1.53715
1.53715
1.53715
1.25905
1.51585
1.17624
1.17624
1.5475
1.5475
1.5475
1.91467
1.91467
1.91467
0.936044
1.23416
1.23416
1.60507
1.69407
1.76617
1.66819
1.66819
1.59134
1.59134
1.59134
1.59134
1.59134
1.94314
1.94314
1.94314
1.07514
1.27393
1.27393
0.316248
0.316248
0.704239
0.704239
0.704239
1.85111
1.54798
1.54798
1.54798
1.81856
1.81856
1.81856
1.81856
1.81856
1.81856
1.81856
1.81856
1.81856
1.81856
1.81856
1.2039
1.2039
1.47905
1.47905
0.493346
0.978322
0.978322
0.978322
0.978322
0.978322
1.01225
1.01225
1.42582
1.42582
0.992749
0.992749
1.03042
1.24763
1.24763
1.16086
1.65562
1.65562
1.65562
1.26923
1.26923
1.26923
1.26923
1.26923
1.26923
0.970329
1.6621
1.6621
1.89823
1.89823
1.89823
1.89823
1.59284
1.59284
1.95005
1.95005
1.95005
1.54096
1.54096
1.54096
1.08416
1.08416
1.08416
1.08416
1.08416
1.08416
1.22417
1.22417
1.21257
1.58197
1.58197
1.58197
1.58197
1.86758
1.86758
1.03594
1.03594
0.832887
0.745084
1.35367
1.941
1.941
1.941
0.776954
0.776954
0.776954
0.776954
0.776954
0.776954
0.776954
0.776954
0.776954
0.388742
0.388742
0.388742
1.27655
1.27655
0.813687
0.813687
0.490074
0.490074
1.52795
1.52795
1.52795
0.96576
0.96576
0.96576
0.96576
0.353034
0.522092
1.06946
1.46244
1.46244
1.46244
1.2582
1.71217
1.71217
1.71217
1.71217
1.71217
1.90879
0.963369
0.963369
1.80313
1.80313
1.80313
1.80313
1.80313
1.80313
1.80313
1.80313
1.80313
1.80313
1.80313
1.01464
1.01464
1.01464
1.01464
0.88022
1.13691
1.62188
1.62188
1.4977
1.97139
1.97139
1.97139
1.97139
1.97139
1.1697
1.1697
1.65731
1.65731
1.65731
1.88963
1.86113
1.28509
1.68534
1.68534
1.68534
1.68534
0.389247
0.934534
1.45327
1.45327
1.45327
0.569565
0.189012
0.189012
0.532171
1.4095
1.48054
1.49427
1.49427
1.37429
1.37429
0.038244
0.565118
0.565118
0.565118
1.66819
0.391225
0.546637
0.546637
1.00586
1.00586
1.00586
1.00586
1.00586
1.09069
1.86533
1.86533
1.86533
1.86533
1.86533
1.68012
1.57159
1.57159
1.72542
1.72542
1.08399
0.985021
0.985021
0.985021
0.985021
0.712997
0.425481
0.425481
1.31147
1.31147
1.77917
1.75869
1.75869
1.3033
1.87627
1.67295
1.67295
1.67295
1.86219
1.86219
1.86219
1.62597
1.25913
1.26646
1.26646
0.0598778
0.0225595
0.553076
1.54621
1.71086
1.71086
1.71086
0.883241
0.883241
1.54944
1.54944
1.66358
1.66358
1.3658
1.9226
1.9226
1.9226
1.9226
1.9226
1.83156
1.98762
0.531329
1.58875
1.59643
1.59643
1.12223
1.12223
1.12223
1.12223
1.97217
1.97217
1.97217
1.43299
1.73379
1.73379
1.73379
1.73379
1.73379
1.10061
0.875259
0.875259
0.875259
0.875259
1.2706
1.41255
1.41255
1.63623
1.06731
0.911471
0.911471
1.0232
1.0232
1.10119
0.433932
0.592111
0.592111
0.867086
0.867086
1.72313
1.72313
1.72313
1.72313
0.807522
0.807522
0.990626
0.990626
0.990626
0.96235
0.96235
0.96235
1.40773
0.120157
0.61142
1.18207
1.18207
1.85891
1.85891
1.78604
1.78604
1.78604
0.442473
0.442473
0.442473
0.442473
0.442473
0.105473
1.20158
1.92591
1.11876
1.05968
1.05968
0.845235
0.845235
0.845235
0.845235
0.845235
0.845235
0.845235
1.30126
1.11798
1.11798
1.11798
1.11798
1.06253
1.06253
1.25779
1.45436
1.45436
1.45436
1.45436
1.45436
1.45436
1.38634
1.38634
0.299662
0.299662
0.299662
0.46733
0.46733
0.46733
0.46733
0.598705
0.140214
0.140214
1.32942
1.55002
1.7839
0.573543
0.751236
0.751236
1.65302
1.65302
1.54986
1.59111
1.41179
1.38632
1.38632
0.497619
0.74251
0.154801
0.154801
0.154801
0.154801
0.94956
0.94956
0.94956
0.994821
0.994821
0.994821
1.72027
1.72027
1.77718
1.77718
1.73277
1.73277
0.548267
1.11308
1.11308
0.773334
0.191704
0.191704
0.191704
0.595229
1.23492
1.23492
1.23492
0.525041
0.525041
1.67803
1.67803
1.67803
1.49864
1.28317
0.492298
0.492298
0.492298
0.378807
0.378807
1.78952
1.78952
1.78952
1.78952
1.78952
1.76007
1.76007
1.00636
1.22488
1.22488
1.22488
1.22488
1.22488
1.22488
0.898175
1.0902
0.818344
1.60734
1.60734
1.60734
1.60734
1.60734
1.60734
1.60734
1.44914
1.19901
1.19901
1.19901
1.096
1.19597
1.19597
1.19597
0.597015
1.52895
1.31473
1.31473
1.96758
1.85066
1.85066
0.941031
0.941031
1.90731
1.90731
1.90731
1.90731
1.90731
1.90731
1.90731
1.90731
1.90731
1.1288
1.55157
1.55157
1.55157
1.11442
0.615339
0.615339
0.615339
0.615339
1.06811
1.7689
1.7689
1.45374
1.76052
1.94376
1.71213
0.567471
0.189525
0.189525
0.189525
0.189525
0.247787
0.247787
0.145674
0.73595
0.793403
0.793403
0.793403
0.793403
0.793403
0.793403
1.92041
1.308
1.308
1.78838
1.78838
1.78838
1.10701
0.85738
0.85738
0.476155
0.476155
0.906109
0.906109
1.84698
1.84698
1.80719
1.29495
1.29495
1.08993
0.824928
1.73503
1.14428
1.14428
1.14428
1.48376
1.48376
1.48376
1.48376
1.48376
1.48376
1.47164
1.47164
1.38618
1.38618
1.58198
1.58198
1.96625
1.84776
0.630736
0.630736
0.630736
1.351
1.351
1.351
1.12448
1.12448
0.627204
0.627204
1.68478
1.07147
0.817415
1.27465
1.27465
1.27465
1.54387
1.77573
1.28123
1.51792
1.91095
1.91095
1.91095
1.91095
1.59754
1.59754
1.59754
1.59754
1.32482
1.32482
1.32482
0.907356
0.857121
1.37146
1.37146
1.37146
1.37146
1.37146
1.46797
1.46797
1.38644
1.38644
0.795594
1.50268
1.50268
0.784397
0.784397
0.752535
0.752535
0.752535
0.752535
0.752535
0.752535
1.04048
1.04048
1.04048
1.04048
1.04048
1.87013
1.87013
1.87013
1.73724
1.6894
1.6894
1.6894
1.06975
1.06975
1.3045
1.3045
1.3045
1.15005
1.14672
1.14672
1.14672
1.45726
1.45726
1.45726
1.40192
1.40192
1.86885
1.86885
1.86885
1.07231
1.16311
1.58729
1.58729
1.58729
1.74412
1.74412
0.91609
0.91609
1.19407
0.710776
0.710776
0.963584
0.963584
1.60901
1.86752
1.98904
1.83812
1.83812
1.83812
1.75046
1.85147
1.39792
1.39792
1.39792
1.28484
1.28484
1.28484
1.28484
1.28484
1.04902
0.884798
0.60152
0.478567
1.71601
1.71601
1.71601
1.71601
1.71601
1.71601
1.84834
1.84834
1.84834
1.26812
0.987338
0.987338
0.987338
1.70892
1.57921
1.57921
1.57921
1.57921
1.5523
1.5523
1.97295
1.97295
1.97295
1.97295
1.97295
1.97295
1.97295
1.97295
0.82582
0.82582
0.82582
0.82582
0.5155
1.09402
1.09402
1.40152
1.58045
1.86264
1.5594
1.5594
1.5594
1.5594
1.5594
1.5594
1.14523
1.14523
1.70908
1.70908
1.12174
1.12174
1.94249
1.94249
1.94249
1.94249
0.90408
1.57735
1.88615
1.88615
1.88615
1.88615
1.88615
1.88615
0.995099
1.71553
1.71553
1.71553
1.17655
1.76225
1.76225
1.09475
1.09475
1.12641
1.12641
1.12641
1.10202
1.10202
1.10202
1.36616
0.873949
0.873949
1.18063
1.18063
1.18063
1.18063
1.18063
1.18063
1.18063
0.304546
0.312224
1.2604
1.2604
1.2604
1.2604
1.8194
1.8194
1.8194
1.8194
1.8194
1.8194
1.8194
1.8194
1.8194
1.8194
1.8194
1.8194
1.00564
1.43072
1.43072
1.43072
1.43072
1.43072
1.43072
1.55835
1.55835
1.79196
1.79196
1.79196
1.79196
1.79196
1.7221
1.57504
1.57504
1.57504
1.84073
1.84073
1.84073
1.03958
1.66923
1.66923
1.66923
1.66923
1.66923
1.66923
1.66923
0.0874841
0.670515
1.03537
0.742797
1.31974
1.82917
1.82917
1.82917
1.82917
1.82917
1.82917
1.82917
1.70606
1.54296
1.54296
1.40488
1.40488
1.3657
0.773088
0.773088
0.773088
0.773088
0.773088
0.773088
0.242346
0.242346
0.242346
0.261367
1.31885
1.31885
1.31885
1.18335
1.07005
1.6347
1.6347
1.6347
1.69652
1.50829
0.691885
0.691885
1.15648
1.40106
1.65122
1.65122
1.11043
1.11043
1.11043
1.11043
1.11043
1.11043
1.11043
1.11043
1.11043
0.770922
0.770922
0.770922
0.415538
0.415538
1.33048
1.30841
1.30841
1.00087
1.83329
1.83329
1.8766
1.8766
0.584018
0.650568
1.62813
1.62813
0.749015
1.46919
1.46919
1.72246
1.72246
1.72246
1.72246
1.72246
1.72246
0.379239
1.23898
1.08095
1.08095
1.69517
1.69517
1.69517
1.97469
1.97469
1.97469
1.97469
1.46448
1.27564
1.88702
1.88702
1.88702
1.88702
1.88702
1.88702
1.92883
1.92883
1.51607
1.51607
0.450992
1.3258
1.3258
1.87893
1.57538
1.57538
1.71787
1.71787
1.7932
1.7932
1.7932
1.7932
1.7932
1.7932
1.1576
1.1576
1.1576
0.989112
1.12814
1.76369
1.76369
1.76369
1.80737
1.80737
1.80737
1.86027
1.44281
1.89807
1.89807
1.89807
1.87046
1.87046
1.67704
0.847253
0.847253
0.847253
0.556404
0.507552
1.25048
0.890377
0.863147
0.588188
0.588188
0.80641
0.660461
0.660461
0.660461
0.660461
1.00823
1.00823
1.85655
1.85655
1.17755
0.528994
0.929598
1.47887
1.47887
1.89114
1.89114
1.89114
1.89114
1.89114
1.89114
1.89114
1.89114
1.89114
1.89114
1.89114
1.89114
1.89114
1.89114
1.89114
1.5274
1.5274
1.5274
1.94255
1.92619
1.92619
1.92619
1.92619
1.31873
1.31873
1.31873
1.31873
1.31873
1.31873
0.541507
1.33954
1.00275
0.788023
0.991406
0.991406
0.991406
0.894504
1.91459
1.39094
1.88068
1.88068
1.88068
1.88068
1.60335
1.60335
1.60335
1.60335
1.60335
1.60335
1.98787
1.33754
0.926873
1.45177
1.45177
1.45177
1.4665
1.4665
1.4665
1.0179
1.95082
1.95082
1.95082
1.8961
1.8961
1.8961
1.8961
1.8961
1.8961
1.8961
1.41427
0.654445
1.5413
1.5413
0.752621
0.817705
0.817705
0.817705
0.817705
0.817705
0.817705
1.08264
0.77162
0.399576
0.399576
1.26995
1.26995
1.26995
1.26995
1.26995
1.26995
1.79405
1.79405
1.79405
0.842101
0.992918
0.752684
1.45257
1.94949
1.94949
1.94949
1.40704
1.25104
0.979471
1.13618
1.37416
1.37416
1.37416
0.536266
0.536266
0.536266
0.536266
0.536266
0.536266
0.536266
0.536266
0.536266
0.536266
0.136407
0.647485
1.23794
1.23794
1.23794
1.9418
1.55987
1.30671
1.0755
0.882614
1.55414
0.78207
0.918947
0.448208
0.448208
0.573207
0.88622
1.39741
0.765351
0.765351
0.765351
1.93023
1.93023
1.93023
1.93023
1.99233
1.99233
1.99233
1.99233
1.99233
1.99233
1.99233
1.5145
1.5145
1.6616
0.696879
0.696879
0.696879
0.696879
0.254301
0.0996487
0.0996487
0.140668
0.766679
1.24736
1.24736
1.24736
1.91021
1.91021
1.46802
1.46802
1.82767
1.82767
1.82767
1.82767
1.97883
1.42182
1.42182
1.42182
1.42182
1.57864
1.78871
1.8814
1.8814
1.8814
1.8814
1.8841
1.86005
1.86005
1.36094
0.483708
0.483708
1.35677
1.35677
1.35677
1.2515
1.2515
1.2515
1.2515
1.2515
1.2515
1.2515
1.2515
1.2515
1.2515
1.2515
0.976087
0.912206
0.972133
0.972133
0.972133
0.972133
0.968788
0.616249
0.616249
0.616249
0.616249
1.21849
1.21849
1.14512
1.9145
1.9145
1.9145
1.9145
1.5801
1.45079
1.64781
1.64781
1.64781
0.960738
0.875606
0.875606
1.38848
1.38848
1.38848
1.19457
1.19457
0.720911
1.71221
1.71221
1.71221
1.71221
1.71221
1.59209
1.87089
1.87089
1.82022
1.82022
1.82022
1.39936
1.14756
1.13752
0.464285
0.863206
0.863206
0.863206
0.863206
0.669241
0.439148
0.479009
0.479009
1.13623
1.80934
1.80934
1.80934
1.80934
1.80934
1.80934
1.80934
1.80934
1.10305
1.10305
1.10305
1.10305
0.313155
0.553066
0.553066
0.553066
1.06266
1.06266
1.06266
1.06266
1.06266
1.49161
1.9227
1.9227
1.9227
1.9227
1.9227
1.9227
1.9227
1.9227
1.9227
1.9227
1.2617
1.70618
1.98184
1.98184
1.98184
1.98184
1.98184
1.98184
1.98184
1.98184
1.98184
1.98184
1.98184
1.98184
1.98184
1.98184
1.98184
1.98184
0.871834
1.66678
1.33516
1.45803
1.72603
1.41203
0.992543
1.91455
1.44198
1.26677
1.26677
0.863602
0.863602
0.863602
1.16879
1.16879
1.3493
1.3493
1.38859
1.38859
0.730853
0.910602
0.49021
0.928137
1.39717
1.39717
0.903265
0.903265
0.903265
0.278415
0.591116
0.591116
0.591116
1.65516
1.65516
1.65516
1.65516
0.845894
0.845894
0.845894
0.845894
1.71176
1.2789
1.55358
1.55358
1.55358
1.38333
0.494356
0.494356
0.577973
0.577973
1.09282
1.80059
1.80059
1.36987
1.36987
1.85255
1.85255
1.32246
0.713088
1.87166
1.87166
1.87166
0.645382
0.645382
0.645382
0.882558
0.882558
1.13943
1.87776
1.85225
1.85225
1.85225
1.85225
1.85225
1.85225
1.85225
1.85225
1.85225
1.91293
1.19543
1.39184
0.810604
0.830819
0.830819
1.08456
1.093
1.20895
1.03123
0.440102
0.440102
0.440102
0.440102
0.440102
0.440102
0.440102
0.440102
1.22485
1.25839
1.70737
1.70737
1.70737
1.63333
1.2685
1.2685
1.2685
0.710687
0.710687
0.894254
1.14665
1.86519
1.86519
1.86519
1.95403
1.95403
1.95403
1.95403
1.95403
1.95403
1.68522
1.68522
1.68522
0.962751
1.29872
1.45395
1.45395
1.45395
1.72816
1.72816
1.72816
1.72816
1.71044
1.71044
1.46179
1.46179
1.46179
0.821711
0.821711
0.821711
1.42382
1.42382
1.341
1.341
1.75238
1.75238
1.75238
1.75238
1.75238
1.75238
1.75238
1.75238
1.75238
1.84546
1.49414
1.49414
1.49414
1.83324
1.83324
1.64954
1.64954
0.467257
0.467257
0.267949
0.803734
0.585737
0.585737
0.585737
0.919745
1.07945
1.07945
1.31624
1.31624
1.94048
1.78741
1.35124
1.35124
1.36456
1.36456
1.49939
1.18355
1.18355
1.29227
1.19315
1.19315
1.19315
1.0158
1.0158
1.0158
1.22651
1.64608
1.64608
1.64608
1.64608
1.64608
1.64608
1.53696
1.53696
1.5838
1.22591
1.22591
1.22591
1.22591
1.22591
1.22591
1.22591
1.09892
0.659514
0.659514
0.659514
0.659514
0.659514
0.659514
1.33222
1.33222
1.33222
1.98659
0.971945
0.971945
0.470482
0.470482
0.470482
0.470482
0.470482
1.27146
1.27146
1.5997
0.866988
1.48249
1.57675
1.57675
1.57675
1.57675
1.57675
0.78943
0.732441
0.811551
0.386847
0.545555
0.545555
0.545555
0.545555
0.545555
0.545555
0.545555
1.6434
1.6434
1.6434
1.6434
1.6434
1.6434
1.46533
1.46533
1.18833
1.18833
0.811388
1.7606
1.96534
1.96534
1.68233
1.82701
0.901267
1.82602
1.82602
1.1835
1.37351
0.343408
0.188815
0.560801
0.560801
0.560801
0.560801
0.698801
0.578673
0.578673
0.42723
0.42723
0.42723
0.38835
1.25085
1.2536
1.2536
1.2536
1.14285
0.992968
0.992968
1.67936
1.67936
1.67936
1.67936
1.51625
1.51625
1.51625
1.57152
1.57152
1.57152
1.57152
1.57152
1.57152
1.57152
1.72974
1.72974
1.77743
1.77743
1.77743
1.77743
1.77743
1.8217
1.8217
1.15592
1.09988
0.791042
0.791042
0.791042
0.584881
0.584881
0.274536
1.68817
1.68817
1.68817
1.68817
1.68817
1.0431
1.0431
1.0431
1.19749
1.19749
0.635377
0.921477
0.921477
0.921477
0.867475
1.45876
1.45876
1.45876
1.15053
1.15053
0.539514
0.846741
1.2773
1.2773
1.2318
1.2318
1.11702
1.11702
1.70712
1.70712
1.70712
1.37365
1.37365
1.37365
1.37365
1.83846
0.888353
0.888353
0.928607
0.928607
1.26089
1.26089
1.16823
1.16823
1.16823
0.689408
0.689408
0.689408
0.689408
0.689408
1.43187
1.43187
1.43187
1.51581
1.86986
1.86986
1.86986
1.86986
1.86986
1.02594
0.649048
0.649048
0.649048
0.649048
0.588211
1.21606
1.21606
0.957029
1.1329
1.1329
1.1329
0.812059
0.812059
0.812059
0.812059
0.812059
0.661367
1.18638
0.734832
1.90797
1.90797
1.90797
1.48685
1.48685
1.31957
1.31957
1.31957
1.31957
1.31957
1.31957
1.31957
1.31957
1.31957
1.31957
1.31957
1.27384
0.921786
1.33497
1.33497
1.33497
1.33497
1.33497
1.33497
1.33497
1.33497
1.33497
1.33497
1.33497
1.33497
1.3218
0.9011
0.945374
0.945374
0.945374
0.1662
0.17371
0.865251
0.671417
1.37096
0.496744
0.50945
1.14206
1.41619
1.41619
1.9006
1.91977
1.79953
1.94191
1.06591
0.649553
0.649553
1.47891
1.47891
1.47891
1.47891
1.47891
0.371162
0.371162
0.371162
0.371162
0.371162
0.371162
0.371162
0.371162
0.371162
0.629344
0.629344
0.629344
0.58527
0.23743
0.606855
0.606855
1.90144
1.90144
0.269687
1.82205
1.82205
1.82205
0.317216
0.317216
0.317216
1.85138
1.57711
1.57711
1.57711
0.671141
0.671982
1.30526
1.30526
1.30526
1.30526
1.50185
1.20954
1.20954
1.24484
1.10657
1.69925
1.69925
1.69925
1.23474
1.74205
1.74205
1.96991
1.96991
1.96991
1.30591
0.818303
0.818303
0.818303
1.46558
1.36214
1.88253
1.88253
1.88253
1.88253
1.88253
1.41722
1.15457
0.271982
0.271982
0.271982
0.460544
1.4027
1.21396
0.57092
1.19407
1.19407
0.794302
0.62372
1.45563
1.45563
1.45563
1.50579
1.86111
1.86111
1.86111
1.86111
1.86111
1.94895
1.94895
1.94895
0.308101
0.308101
0.308101
1.60474
1.60474
1.60474
1.60474
1.60474
1.60474
1.60474
1.60474
1.60474
1.62625
1.8172
1.55535
1.55535
1.50629
0.993022
1.37743
1.34735
1.34735
1.34735
1.34735
1.34735
1.66863
1.66863
1.66863
1.22305
1.22305
1.22305
1.61743
1.50646
1.50646
1.50646
1.50646
1.21362
1.21362
1.27807
0.770839
1.92918
1.92918
1.92918
1.92918
1.92918
1.63358
1.0865
1.0865
1.0865
1.90203
1.09953
1.09953
1.09953
1.09953
1.3015
1.3015
1.3015
1.3015
1.71524
0.731948
0.788038
0.788038
0.788038
0.381208
1.23551
0.730636
0.798501
0.798501
0.798501
1.09512
0.695884
0.209312
0.209312
0.848219
0.848219
0.848219
0.848219
0.848219
1.76976
1.76976
1.76976
1.76976
1.76976
1.76976
1.76976
1.99946
1.99946
0.972125
1.35706
1.38248
0.621803
0.621803
0.621803
0.478907
0.478907
0.478907
1.74161
1.71995
1.42262
1.40739
1.40739
1.30612
1.61017
1.61017
1.07732
1.07732
1.07732
1.07732
1.07732
1.07732
1.07732
1.75811
1.75811
1.77368
1.77368
0.898889
0.63089
0.63089
0.63089
0.63089
1.62971
1.39754
1.15154
1.15154
1.15154
1.15154
1.15154
1.15154
1.15154
0.611137
0.611137
0.611137
0.611137
0.632105
0.632105
1.01564
1.43945
1.43945
1.31746
1.31746
0.782321
0.905005
0.905005
0.905005
1.95179
1.30616
1.30616
1.30616
1.30616
1.30616
0.589197
0.589197
0.69315
0.69315
0.69315
0.69315
0.74177
0.74177
0.427896
0.427896
1.39534
1.39534
0.251339
0.78123
0.907548
0.907548
0.907548
0.941292
0.58176
0.724676
0.724676
0.941175
0.941175
1.7131
1.7131
1.7131
0.49422
0.49422
0.49422
0.754503
1.57926
1.57926
1.57926
1.57926
1.98419
1.64954
1.64954
1.7224
1.7224
1.7224
1.78987
1.78987
1.78987
1.54792
1.44745
1.44745
1.44745
1.44745
1.44745
1.44745
1.44745
1.44745
1.72184
1.72184
1.72184
1.72184
1.3634
1.43837
1.43837
1.19623
1.65131
1.64693
1.70203
1.70203
1.80681
1.80681
1.01791
1.04588
1.52214
1.52214
1.52214
1.52214
1.52214
1.95202
1.95202
1.86374
1.65236
1.85491
1.98717
1.98717
1.98717
1.98717
1.98717
1.98717
1.98717
1.98717
1.98717
1.98717
1.72298
1.72298
1.53165
1.53165
1.53165
1.53165
1.35608
0.244745
0.16865
0.16865
0.16865
1.4021
1.47533
1.47533
1.82043
1.82043
1.82043
1.82043
1.82043
1.82043
1.82043
1.80674
1.80674
1.80674
1.80674
1.67051
1.67051
1.67051
1.67051
1.67051
1.67051
1.77517
1.77517
1.73411
1.73411
1.92721
1.92721
1.92721
1.92721
0.0645464
0.0645464
1.53826
1.53826
1.53826
1.99489
1.65967
1.69187
1.50466
1.50466
1.50466
0.401042
1.7396
1.7396
1.64197
1.16991
0.851118
1.55627
0.557874
0.557874
0.557874
0.663095
0.663095
0.663095
0.663095
0.641669
0.641669
1.9031
1.28493
1.14341
1.59278
1.59278
1.31735
1.31735
1.24454
0.981425
0.459003
0.23884
0.23884
0.23884
1.18098
0.402575
0.198844
1.24482
1.68019
1.86835
0.653408
0.653408
0.98659
0.901782
0.901782
0.901782
1.36527
1.36527
1.36527
1.36527
1.36527
1.36527
1.36527
1.36527
1.27923
1.36466
0.681313
0.681313
0.681313
0.334503
0.334503
0.334503
0.334503
0.0540503
0.0540503
0.868422
0.484406
0.806066
1.44268
1.39876
1.39876
1.77248
1.77248
1.77248
1.77248
1.77248
1.77248
1.33268
1.33268
1.33268
1.71735
1.99313
1.26936
1.26936
1.26936
1.69408
1.69408
1.69408
1.69408
1.69408
1.56445
1.76707
1.76707
1.03845
1.03845
1.54147
1.15905
1.15905
1.91146
0.644105
0.51363
0.0585103
0.0585103
0.975462
1.32905
1.32905
1.32905
1.48221
1.48221
1.52913
1.52913
1.52913
0.975778
0.975778
0.975778
1.88687
0.735382
0.735382
1.04278
0.780477
0.780477
0.780477
0.769073
1.46283
1.7299
1.7299
1.7299
0.782606
0.782606
0.782606
1.36212
1.36212
0.650641
0.650641
1.42903
1.42903
1.75562
1.75562
1.75562
1.75562
1.75562
1.7808
1.7808
1.27896
1.12602
1.12602
0.575082
0.575082
0.575082
0.968345
1.38189
1.38189
0.673575
1.00529
1.00529
0.958021
0.958021
1.81284
1.81284
1.81284
1.81284
1.2927
1.2927
1.2927
1.2927
1.38769
1.38769
1.38769
1.56394
1.90495
1.90495
1.90495
0.836427
0.836427
1.61517
1.61517
1.61517
1.61517
1.76747
1.79137
1.79137
0.288332
0.288332
0.288332
0.288332
0.288332
1.62713
1.62713
1.62713
1.62713
1.62713
1.65977
1.96223
1.75001
1.56635
1.56635
1.56635
1.56635
1.56635
0.617984
0.617984
0.617984
0.617984
0.617984
0.617984
1.30029
1.75101
1.75101
1.75101
1.75101
1.75101
1.75101
0.537848
1.64378
1.64378
1.24593
1.26168
0.125663
0.125663
1.07394
1.01844
1.01844
0.847383
0.847383
0.847383
0.847383
1.56544
1.60483
1.60483
1.60483
0.636537
0.636537
0.636537
0.636537
0.93209
0.17988
0.17988
0.17988
0.17988
0.498957
0.498957
0.432159
1.72722
1.77266
1.77266
1.75888
1.75888
0.387314
0.387314
0.328793
0.328793
0.532826
0.427841
0.427841
1.42641
1.53535
1.45984
1.25202
1.32154
1.32154
1.32154
1.32154
1.32154
1.56127
1.53502
1.53502
1.53502
1.53502
0.397257
0.717364
1.29064
1.29064
0.872588
1.4232
1.07582
0.670745
0.71447
1.99278
1.99278
1.99278
1.49109
0.942796
1.2869
0.555121
0.555121
0.634445
0.634445
1.54525
1.89539
1.7469
1.98925
1.98925
1.78301
1.78301
1.33037
1.06738
1.05624
1.02345
1.02345
1.654
1.654
0.993824
0.283803
0.283803
1.20355
1.20355
0.515781
0.248425
0.248425
0.572986
0.572986
0.801071
1.95368
1.39753
1.39753
1.39753
1.39753
1.39753
1.39753
1.39753
1.19506
0.845098
0.845098
0.892566
0.892566
0.892566
0.892566
0.892566
0.892566
0.892566
1.78377
1.90025
1.90025
1.90025
0.169814
0.169814
0.331398
0.719068
0.719068
0.719068
1.18232
1.01473
1.01473
1.2115
1.53706
1.64876
1.46459
1.46459
1.46459
1.46459
1.46459
1.08669
1.08669
1.58057
1.7501
1.7501
0.286779
0.711891
1.34668
1.35498
0.83459
0.83459
1.64385
0.304022
0.304022
0.304022
0.304022
1.12548
1.12548
1.25611
1.19533
1.39697
0.644819
0.644819
0.644819
1.4271
1.55853
1.55853
1.85811
1.79289
1.79289
1.79289
1.8648
0.679526
0.933182
0.933182
1.00707
1.75991
1.75991
1.85167
1.85167
0.933146
0.933146
0.737941
0.867718
0.675348
0.675348
0.675348
0.392239
0.392239
1.25447
1.20382
1.41472
1.34914
1.34914
1.32227
1.32227
1.96299
1.96299
1.96299
0.96052
0.96052
0.96052
0.96052
0.939635
0.983422
1.35987
1.35987
1.35987
1.08685
1.35287
0.679082
0.27256
0.99947
0.99947
0.99947
0.536916
0.536916
0.5117
0.360053
0.360053
0.508381
0.712971
0.963647
0.963647
1.43239
1.61546
1.06142
1.06142
1.90501
1.90501
1.37875
1.04185
1.04185
1.47681
1.57128
1.57128
1.57128
1.40689
1.40689
1.46767
1.91761
1.91761
1.96198
1.96198
1.1287
1.1287
1.38948
1.36218
1.36218
1.36218
1.13492
1.32686
1.95911
1.95911
1.5637
1.5637
1.5637
1.5637
1.49451
1.49451
1.4663
1.4663
1.4663
1.63755
1.63755
1.22806
1.22806
1.22806
1.9157
1.8254
1.8254
1.8254
1.8254
1.8254
1.37229
1.85458
1.85458
1.85458
1.43031
1.43031
1.81927
1.39848
1.39848
1.39848
1.39848
1.39848
1.39848
1.77026
1.82438
1.82438
1.7583
1.7583
1.59618
1.59618
1.59618
1.63713
1.63713
1.63713
1.63713
1.63713
0.893073
0.893073
0.893073
0.742384
0.742384
0.420964
0.420964
0.420964
1.50568
1.50568
1.73369
1.73369
1.73369
1.73369
1.73369
1.37235
1.37235
1.37235
1.37235
1.77125
1.77125
1.36771
1.79331
0.738751
0.930423
1.84571
1.84571
1.84571
1.62549
1.62549
1.62549
1.62549
1.54319
1.54319
1.54319
1.87176
1.87176
1.64346
0.564505
1.79389
1.79389
1.79389
1.79389
1.79389
1.24338
1.6121
1.6121
1.6121
1.58697
1.60041
0.912516
0.825033
0.427906
0.427906
0.427906
0.427906
0.734685
1.03621
1.03621
1.5783
1.5783
1.81164
1.59151
0.556982
0.936016
0.936016
0.936016
0.936016
0.936016
1.37564
1.4695
1.43974
1.43974
1.43974
1.43974
1.85335
1.85335
1.85335
1.85335
1.15219
0.925279
0.360966
0.667864
0.667864
1.13918
1.13918
1.71895
1.99554
1.99554
1.39193
1.39193
0.45577
1.03116
1.35361
1.92592
1.92592
1.92592
1.92592
1.64817
1.64817
1.16191
1.11358
0.751424
0.751424
1.32681
0.427883
0.427883
0.427883
0.746175
0.746175
0.746175
1.04661
1.14122
0.739997
0.739997
1.67489
1.67489
0.876772
1.28383
0.812986
0.812986
0.812986
1.09726
1.38868
0.79654
1.71441
0.557678
1.56032
1.56032
1.93001
1.54046
1.54046
0.395132
0.395132
0.352986
1.88228
1.88228
1.88228
1.88228
1.88228
1.88228
1.88228
1.81843
1.05695
0.569069
1.38911
1.38911
1.38911
1.19056
1.55298
1.80205
1.80205
1.61276
1.61276
1.61276
1.61276
1.61276
1.61276
1.61276
1.076
1.45818
1.45818
1.45818
1.45818
1.45818
1.45818
1.45818
1.48734
0.630668
0.630668
0.95129
0.95129
1.56556
1.32753
0.452364
0.346172
0.533753
0.533753
0.842962
0.842962
0.776568
0.167363
1.47574
1.47574
1.47574
1.47574
1.17336
1.46406
1.83031
1.83031
1.83031
1.23475
1.23475
1.23475
1.23475
1.23475
1.23475
1.23475
1.76775
1.76775
1.17146
1.92386
1.92386
1.92386
0.678942
0.678942
0.678942
0.943929
0.943929
1.07352
1.07352
1.19769
1.19769
1.65924
1.10642
1.10642
1.10642
0.893523
0.893523
1.10178
1.10178
1.89152
1.82465
1.27956
1.27956
1.27956
1.68781
1.79302
1.87248
1.87248
1.25101
1.63248
1.63248
1.30596
1.8225
1.8225
0.806111
0.806111
1.32934
1.32934
1.32934
1.32934
1.38269
1.38269
1.38269
1.38269
1.38269
1.28841
1.28841
1.28841
0.942532
0.942532
0.598174
0.598174
0.787243
1.14091
0.770649
0.17722
0.17722
0.17722
0.447502
1.38989
0.830097
0.830097
0.830097
1.97576
1.97576
1.97576
1.97576
0.897863
1.69021
1.69021
1.69021
1.7596
1.7596
1.7596
1.82302
1.82302
1.82302
1.82302
1.82302
1.32439
1.32439
0.962323
0.314344
0.772079
0.772079
0.772079
1.00102
1.89939
1.89939
0.4536
0.4536
1.38957
1.38957
1.49715
1.49715
1.04669
0.309444
0.309444
0.64852
0.64852
1.86907
1.86907
1.86907
1.86907
1.86907
1.86907
1.86907
1.86907
1.86907
1.86907
1.86907
1.86907
1.03223
1.28144
0.936411
0.936411
1.99225
0.657921
1.01544
1.01544
1.01544
1.20325
1.56815
1.38391
1.38391
1.38391
1.43428
1.43428
1.46051
1.46051
1.15377
1.279
1.7614
1.7614
1.7614
1.8519
1.8519
1.8519
1.80909
1.80909
1.41504
1.24663
1.24663
1.26678
1.26678
1.26678
1.88261
1.88261
1.88261
1.88261
1.88261
1.88261
1.88261
1.88261
1.62859
1.62859
1.62859
1.83002
1.4637
1.4637
1.4637
1.06697
1.06697
1.66779
1.66779
1.94042
1.94042
1.94042
1.20411
1.20411
1.20411
1.11085
1.11085
1.63317
1.39108
1.39108
1.39108
0.822101
0.810399
0.810399
0.810399
1.51978
1.51978
1.80518
1.80518
1.60969
1.85667
1.85667
1.85667
1.85667
1.85667
0.779866
0.779866
0.779866
1.73429
0.592096
1.51746
1.51746
1.52833
1.6145
1.6145
1.6145
1.6145
1.6145
1.6145
1.95306
1.95306
1.60112
1.13222
1.88497
1.95804
1.74071
1.74071
1.74071
0.976454
0.976454
0.976454
1.98399
1.98399
1.51044
1.37604
1.37604
1.93552
1.93552
1.93552
1.93552
1.69728
1.79482
1.79482
1.79482
1.79482
1.79482
1.79482
1.71692
1.71692
1.71692
1.47617
1.33959
1.33959
1.05736
1.84681
1.84681
1.84681
1.84681
1.26868
1.28594
1.28594
1.28594
1.28594
1.19813
1.73494
1.73494
1.73494
1.29507
1.90815
1.90815
1.90815
1.90815
1.90815
1.90815
1.90815
1.43432
1.48958
1.48958
1.48958
1.48958
1.48958
1.48958
1.48958
1.48958
1.48958
1.48958
1.92663
1.87507
1.87507
1.52276
0.923989
0.490171
0.490171
0.490171
0.490171
0.642619
0.642619
0.758719
1.52903
1.42454
1.42454
1.42454
1.42454
1.42454
1.39487
1.39487
1.14959
1.14959
1.14959
1.14959
1.49695
1.49695
1.49695
1.49695
1.49695
0.665229
0.665229
1.88529
1.88529
1.67313
1.42043
0.884437
1.79989
1.79989
1.79989
1.29786
0.873039
0.873039
0.914482
0.914482
0.914482
1.19434
1.19434
1.19434
1.19434
1.92996
1.92996
1.19411
1.29847
1.71259
1.71259
1.71259
1.71259
1.71259
1.71259
1.71259
1.71259
1.71259
1.52786
1.52786
1.88965
1.88965
0.96579
0.655133
0.655133
0.833476
1.37765
1.37765
1.37765
1.89273
1.89273
1.80883
1.80883
1.80883
1.80883
1.80883
1.82834
1.82834
1.82834
1.82834
1.82834
1.82834
1.82834
1.82834
1.82834
1.82834
1.82834
1.82834
1.82834
1.82834
1.82834
1.82834
1.50176
1.50176
1.03798
0.988354
0.990266
1.58595
1.58595
1.58595
1.58595
1.02784
1.02784
1.02784
1.02784
1.02784
0.787
0.573749
0.120237
0.321044
0.572092
0.572092
0.572092
0.572092
1.08453
1.08453
0.923264
0.923264
1.0811
0.633168
0.633168
0.633168
0.624227
1.79525
0.447529
1.75951
1.75951
1.75951
1.75951
1.75951
1.71494
1.71494
1.71494
1.71494
1.85214
1.85214
1.85214
1.85214
1.56522
1.56522
1.41157
1.41157
1.41157
1.41157
1.88238
1.26967
1.26967
1.34292
1.34292
1.34292
0.611153
0.611153
1.37783
0.934945
0.934945
0.934945
0.934945
1.38203
1.38203
1.38203
1.38203
1.38203
1.38203
1.38203
1.10792
0.902323
0.902323
1.19235
1.19235
1.19235
0.974679
0.974679
0.974679
1.77327
1.67821
1.89879
1.13875
1.13875
1.13875
1.13875
1.23207
1.23207
0.205018
1.35462
1.35462
1.85333
1.85333
1.48716
1.48716
1.48716
1.69129
1.69129
1.69129
1.69129
0.865578
0.865578
1.58545
1.64776
1.64776
1.64776
1.64776
1.64776
1.89365
1.89365
1.89365
1.87294
1.32032
0.972101
0.972101
0.972101
1.20705
1.57518
1.57518
1.46471
0.359331
0.359331
0.359331
1.95449
1.95449
1.95449
1.95449
1.95449
1.95449
1.95449
1.95449
1.95449
1.95449
1.95449
1.95449
1.95449
1.95449
1.69316
0.898563
1.50486
1.33258
1.33258
1.33555
1.33555
0.210109
0.964131
0.549593
0.771516
0.771516
0.771516
0.800994
1.78938
1.78938
1.78938
1.78938
1.78938
1.35548
1.49945
1.49945
1.49945
1.49945
1.74272
1.74272
1.74272
1.74272
1.74272
1.89354
1.89354
1.89354
1.89354
1.89354
1.8732
1.8732
1.15235
1.07732
1.07732
1.21018
1.21018
1.21018
1.21018
1.21018
1.21018
0.655294
0.655294
1.41087
0.71043
0.71043
0.442789
0.442789
0.442789
1.1343
1.97935
1.97935
1.08786
0.903976
0.903976
0.903976
0.903976
0.903976
0.903976
1.11995
1.19818
1.38833
1.28473
0.727038
0.727038
1.55725
1.55725
1.55725
1.92192
1.92192
0.340859
1.12476
1.12476
1.12476
1.2648
1.10811
1.90077
1.28338
1.54012
1.10139
1.14587
1.14587
1.14587
1.78298
1.78298
1.78298
1.78298
1.78298
1.78298
1.2729
1.4167
1.4167
1.4167
1.4167
1.4167
1.4167
1.4167
1.4167
1.4167
1.4167
1.4167
1.4167
1.4167
1.4167
1.18399
1.18399
1.18399
1.80786
1.80786
1.80786
1.70811
1.06401
1.06401
1.06401
1.06401
1.93497
1.93497
1.93497
0.0999741
0.0643915
0.0643915
1.68227
1.18649
1.18649
1.23166
1.38928
0.280163
1.66082
1.66082
1.66082
1.66082
0.1745
0.497971
0.752825
1.88132
1.88132
1.88132
1.88132
1.88132
1.88132
1.62053
1.50379
1.59806
1.41074
0.936852
1.295
1.295
1.28189
1.43059
1.93138
1.93138
1.58932
1.58932
1.58932
1.58932
1.58932
1.58932
1.58932
1.58932
1.58932
1.58932
1.58932
1.58932
1.35313
1.29906
1.43955
1.04557
1.04557
0.696994
0.923504
1.54767
1.54767
1.54767
1.54767
1.54767
1.54767
1.54767
1.72324
1.72324
1.72324
1.72324
1.95463
1.95463
1.84924
1.84924
1.20838
1.20838
1.20838
1.20838
1.20838
1.07683
0.519063
0.519063
0.519063
0.874176
0.874176
0.874176
0.874176
1.95756
1.95756
1.95756
1.95756
1.34495
1.34495
1.66511
1.26927
1.26927
1.67876
1.67876
1.33339
1.33339
1.96061
1.96061
1.96061
1.96061
1.96061
1.68255
0.956195
0.956195
0.956195
0.956195
0.956195
0.956195
0.104681
0.104257
0.104257
0.104257
0.37726
1.99702
1.99702
1.99702
1.83971
1.08982
1.08982
1.08982
1.08982
1.08982
1.45687
0.703746
0.703746
0.703746
1.09194
1.66891
1.39394
1.98612
1.63406
1.63406
1.10009
0.283112
0.424872
0.424872
0.424872
0.970411
1.98911
1.20492
1.20492
1.75929
0.937847
0.988835
0.988835
1.57844
1.57887
0.659244
0.659244
0.659244
0.659244
0.936087
0.936087
0.732365
0.732365
1.58335
1.58335
1.58335
1.58335
1.41714
1.41714
1.22793
1.22793
1.22438
0.866499
0.866499
0.866499
0.866499
0.720644
1.63709
1.63709
1.63709
1.63709
1.06343
1.06343
1.06343
1.06343
1.06343
1.56744
1.98244
1.98244
1.98244
1.98244
1.35234
1.35234
1.9201
1.8972
1.69014
1.69014
1.69014
1.58921
1.58921
0.516777
0.516777
0.516777
1.30659
1.30659
1.30659
1.36843
1.36843
1.6781
1.6781
1.80467
1.80467
1.80467
1.80467
1.80467
1.80467
1.88662
1.88662
1.88662
1.88662
0.927113
0.927113
0.927113
1.47865
1.47865
1.47865
1.47865
0.984386
0.984386
1.80253
1.80253
0.917897
0.917897
1.67888
1.67888
1.67888
1.67888
1.80779
1.80779
1.80779
0.894793
0.84053
1.34052
0.612566
0.612566
0.612566
1.20785
1.20785
1.93318
1.93318
1.10495
1.10495
0.565226
1.28045
1.54465
1.24046
1.24046
0.941843
1.71569
1.71569
1.71569
1.71569
1.61732
1.61732
1.20078
1.27071
1.27071
1.27071
1.27071
1.04145
0.925874
0.925874
0.925874
0.925874
1.59642
1.59642
0.822715
0.822715
1.5341
1.5341
1.23923
1.30519
1.58883
1.86847
1.86847
1.86847
1.63767
1.63767
1.63767
1.63767
1.63767
1.63767
1.63767
1.63767
1.63767
1.63767
1.63767
1.63767
1.63767
1.63767
1.40747
1.40747
1.40747
1.40747
1.40747
1.40747
1.40747
1.40747
1.40747
1.56742
1.46025
1.46025
0.424311
0.783111
0.783111
0.913773
1.4703
1.4703
1.4703
1.4703
1.6242
1.6242
1.6242
1.6585
1.6585
0.78374
1.34831
1.48577
1.42434
1.42434
1.46147
1.46147
1.46147
0.931339
0.866185
0.866185
1.32592
1.32592
1.64911
1.64911
1.64911
1.64911
1.63895
1.20196
1.20196
1.23113
1.23113
1.07604
1.07604
1.69638
1.69638
1.12723
1.12723
1.12723
1.16637
1.40238
1.40238
1.40238
1.07349
1.07349
1.07349
1.07349
1.07349
1.31669
1.31669
0.824267
0.824267
1.32975
1.32975
0.514297
0.514297
1.30134
1.30134
1.06215
1.42272
1.20302
1.4844
1.4844
1.4844
1.71291
1.71291
1.71291
1.71291
1.71291
1.71291
1.71291
1.85271
1.85271
1.85271
1.85271
1.85271
1.85271
1.85271
1.85271
1.85271
1.85271
1.66801
1.17129
1.17129
1.17129
1.77993
1.77993
1.77993
1.93836
1.93836
1.41825
1.41825
1.41825
1.41825
1.19945
1.19945
1.19945
1.19945
0.851907
0.851907
0.851907
1.21876
1.69795
1.69795
1.69795
1.69795
1.69795
1.62154
1.27188
1.27188
1.58099
1.58099
1.58099
1.58099
1.58099
1.58099
1.34241
1.34241
1.34241
1.11634
1.86872
1.46546
1.46546
1.46546
1.46546
1.49473
1.98883
1.37023
1.71525
1.30552
1.61296
1.61296
0.738789
1.31694
1.31694
1.02451
1.84817
1.14393
1.14393
1.02851
1.02851
0.517099
0.517099
0.575032
0.575032
0.575032
1.85672
1.64862
1.86292
1.86292
1.22387
0.993611
0.993611
0.993611
0.993611
0.501189
0.501189
1.31128
0.390245
0.390245
1.08951
1.55628
1.97104
1.89087
1.89087
1.75639
1.75639
1.45928
0.710519
0.214026
0.214026
0.214026
0.214026
0.33433
0.33433
0.33433
0.33433
0.33433
0.136799
0.136799
0.136799
0.136799
0.136799
0.136799
1.62762
1.62762
1.62762
1.62762
1.0525
1.18568
1.3013
1.3013
1.3013
1.3013
1.15377
1.15377
1.15244
1.9535
1.9535
1.9535
1.9535
1.9535
1.9535
1.9535
1.97166
1.97166
1.97166
1.97166
1.97166
1.97166
1.80732
0.802158
0.802158
0.802158
0.832955
0.755335
0.755335
1.80196
1.80196
1.52704
1.91624
1.91624
1.49965
1.49965
1.7925
1.55193
1.55193
1.55193
1.55193
1.55193
0.338586
0.926115
1.17237
1.17237
1.17237
1.17237
1.94801
1.43955
1.43955
1.43955
1.43955
1.43955
1.43955
1.43955
1.43955
1.43955
1.43955
0.985196
1.33117
0.791086
0.791086
1.14599
1.8587
1.8587
1.8587
1.8587
1.70916
1.2653
1.2044
1.2044
1.04622
1.41141
0.946033
1.1685
1.25925
1.58101
0.525091
1.24479
1.92327
1.92327
1.36921
1.56993
0.987633
0.745951
1.43241
1.73476
1.5386
1.90123
1.90123
1.90123
1.90123
1.5806
1.5806
0.783092
0.783092
0.783092
0.783092
1.75283
1.48428
1.29097
1.13171
1.13171
1.13171
1.21166
1.01044
1.82492
1.98257
1.98257
1.98257
1.60186
1.60186
1.60186
1.83813
1.83813
1.83813
1.55663
1.7413
1.7413
1.62406
1.2064
1.2064
1.96333
1.96333
1.96333
1.76656
1.76656
1.76656
1.73934
1.31592
1.39243
1.39243
1.39243
1.39243
1.39243
1.59282
1.59282
0.604509
1.35518
1.35518
1.35518
1.64816
1.64816
1.64816
1.64816
0.84613
0.84613
0.84613
0.84613
1.01365
1.18421
1.18421
1.06961
1.06961
1.06961
1.78719
1.78719
1.78719
1.93522
1.93522
1.93522
1.8422
1.8422
1.8422
0.894596
1.28139
1.28139
1.28139
1.28139
1.86662
1.19828
1.19828
0.401288
1.94964
0.956414
0.306237
1.72654
1.09266
1.09266
1.09266
1.09266
1.20625
1.20625
0.626746
1.35625
0.302011
0.661677
0.661677
0.661677
0.661677
1.11221
1.11221
1.11221
1.11221
1.11221
0.43154
0.43154
0.914962
0.914962
1.72453
1.93461
1.93461
1.93461
1.93461
1.93461
1.93461
1.93461
1.01787
1.47988
1.12676
1.6339
1.6339
1.95842
1.95842
1.4653
0.942021
1.32459
1.57248
0.811452
0.625041
0.625041
0.625041
1.63927
1.85684
1.48677
0.246471
0.768943
0.768943
0.933929
0.933929
0.933929
1.78841
1.78841
1.28187
1.48131
1.48131
1.48131
0.876885
0.876885
0.876885
0.860461
0.860461
0.860461
1.61702
1.61702
1.61702
1.57444
1.53333
1.53333
1.53333
1.53333
1.53333
1.21707
1.21707
1.21707
0.688889
0.688889
1.1383
1.1383
1.1383
1.1383
1.9845
1.9845
1.9845
1.9845
1.72161
1.72161
1.63109
1.63109
1.63109
1.63109
1.41116
1.41116
1.41116
1.41116
1.41116
1.41116
1.41116
1.41116
1.41116
1.79452
1.79452
1.79452
1.79452
1.9706
1.0084
1.0084
1.0084
0.976204
0.976204
0.976204
0.541373
0.793783
0.793783
0.793783
1.12746
1.12746
1.12746
0.969645
0.969645
0.969645
0.79105
0.79105
0.79105
1.07291
1.07291
1.63683
1.63683
0.882536
0.882536
0.882536
0.561601
1.37087
1.28961
1.28961
1.83726
1.36049
1.36049
1.36049
1.22759
1.83103
1.83103
1.83103
1.83103
1.83103
1.36975
1.36975
1.91065
1.91065
1.91065
1.38186
0.473496
0.473496
0.473496
0.449596
0.449596
0.449596
0.407508
1.37815
0.771828
0.771828
0.601951
0.601951
1.24425
0.503272
0.357101
1.05961
1.23172
1.23172
1.23172
1.23598
1.63005
1.28378
1.28378
1.28378
0.520376
0.520376
1.33243
1.33243
1.45106
1.45106
1.02685
1.90649
1.90649
1.90649
1.41826
1.35804
1.76907
1.76907
1.76907
1.76907
1.61916
0.513817
0.830653
0.830653
0.830653
0.830653
1.12763
1.12763
0.628461
0.628461
0.628461
0.628461
1.31263
1.28166
1.28166
1.12969
1.53267
1.53267
1.53267
1.53267
1.53267
1.05857
1.05857
1.05857
1.14824
1.69022
1.69022
1.69022
1.69022
1.69022
1.94196
1.94196
1.93818
1.93818
1.93818
0.918791
1.56256
0.9867
0.9867
1.75091
1.75091
0.983357
0.558628
0.421548
1.03007
1.03007
1.03007
1.11348
1.13658
0.567245
0.401807
1.99679
1.99679
1.99679
1.69998
1.69998
1.69998
1.69998
1.69998
1.69998
1.42399
1.90273
1.90273
1.90273
1.72313
1.72313
1.72313
1.72313
1.72313
1.72313
1.72313
1.92465
1.38135
1.38135
1.06175
1.53732
1.53732
1.53732
0.747787
0.747787
0.747787
0.747787
0.747787
0.747787
0.747787
1.32169
1.32169
1.32169
1.23385
1.63708
1.1952
1.1952
1.1952
0.39863
1.6517
1.6517
0.655345
0.655345
0.616433
1.55113
1.55113
1.55113
1.55113
1.47693
1.81708
1.81708
1.81708
1.81708
1.81708
1.81708
1.81708
1.81708
1.18895
0.699807
0.812066
0.735119
0.898159
0.898159
0.898159
0.898159
0.949144
0.949144
0.949144
0.949144
1.04061
1.04061
1.81575
1.81575
1.81575
1.05175
1.4133
1.4133
1.4133
1.4133
1.86853
1.8765
1.50999
1.39193
0.628076
0.846242
0.846242
0.274864
0.443541
0.700046
0.700046
0.391002
0.391002
1.24741
1.24741
1.24741
1.24741
0.976372
0.976372
1.0083
1.88055
1.88055
1.88055
1.88055
1.12365
1.12365
1.12365
1.06041
1.06041
1.06041
1.06041
1.06041
1.06041
1.06041
1.06041
1.06041
1.06041
1.06041
1.62767
1.42767
1.42767
1.42767
1.42767
1.58711
0.627224
0.627224
0.627224
0.627224
0.627224
0.44399
0.15679
0.15679
0.15679
0.15679
0.341299
1.02708
1.02708
1.02708
0.458016
0.458016
0.458016
0.458016
0.0255607
0.0255607
0.0255607
1.38817
1.38817
1.61973
1.61973
1.61973
1.56209
1.56209
1.92076
1.92076
1.92076
1.92076
1.49746
1.49746
1.49746
1.49746
0.376606
0.376606
0.376606
0.394447
1.25565
1.25565
1.25565
1.25565
0.830321
0.830321
0.830321
0.928002
0.850902
1.52408
0.462839
0.462839
0.462839
0.740073
0.740073
0.968243
0.968243
1.90627
1.90627
1.8808
1.8808
1.8808
1.8808
1.8808
1.8808
1.56908
1.56908
1.56908
1.56908
1.56908
1.70606
1.34706
1.34706
1.34706
1.30066
1.1105
1.89949
1.89949
1.89949
1.86681
1.56993
0.742757
0.742757
0.577408
0.577408
0.706078
0.706078
0.548647
0.548647
0.96613
0.0697397
0.422793
0.911181
0.911181
1.63112
1.63112
1.63112
1.83336
1.64363
1.9747
1.9747
1.9747
1.17076
0.963848
0.963848
0.624085
1.24013
1.22936
1.10043
0.709485
1.29989
1.29989
1.29989
1.4024
1.4024
1.4024
1.2017
1.62062
1.62062
1.92425
1.92425
1.33225
1.33225
1.99051
1.99051
1.83183
1.83183
1.83183
1.948
1.948
1.948
1.948
1.948
1.948
1.26585
1.26585
1.26585
1.26585
1.26585
1.26585
1.02888
1.02888
1.02888
1.88014
1.88014
1.88014
1.88014
1.88014
1.88014
1.88014
0.963454
1.29968
1.40775
1.40775
1.42951
1.66403
1.01242
1.13211
1.13211
1.13211
1.13211
1.97247
1.97247
1.18826
1.18826
1.66677
1.39297
1.39297
1.66924
0.908646
1.01665
1.11658
1.98666
1.81962
1.81962
1.99021
1.99021
1.99021
1.99021
1.51599
1.51599
0.776091
1.0404
1.4742
1.35579
1.35579
1.22748
1.17469
0.954757
1.11463
1.10593
1.10593
1.45564
1.43316
1.43316
1.43316
1.43316
1.49349
1.61622
1.61622
0.543189
0.543189
0.543189
0.861036
0.861036
0.939004
0.939004
1.60218
1.84682
1.84682
1.84682
1.46894
1.80656
1.80656
1.80656
0.591176
0.591176
0.591176
0.591176
1.153
1.8257
0.77809
1.07948
0.790732
1.51903
1.51903
1.51903
1.51903
1.51903
1.01786
1.01786
1.01786
1.01786
1.03962
1.03962
1.03962
1.41592
1.07992
1.07992
1.94463
1.94463
1.94463
1.94463
1.65485
1.98911
1.98911
1.98911
1.98911
1.98911
0.798544
0.798544
0.96561
0.96561
0.96561
0.96561
1.64923
1.64923
1.58917
1.58917
1.58917
0.709676
0.439658
0.239325
0.239325
1.46651
1.57298
1.70311
1.70311
1.97376
1.97376
1.97376
1.97376
1.97376
0.614959
0.775426
0.775426
0.460697
0.902128
0.902128
0.902128
0.902128
0.310902
0.310902
0.563339
1.05924
0.282645
1.69699
1.15803
1.15319
1.25927
1.19184
1.19184
0.96445
0.96445
0.96445
0.96445
1.14227
1.14227
1.14227
1.14227
1.11583
1.41599
1.41599
1.42159
1.42159
1.42159
1.42159
0.519175
0.996578
0.996578
0.996578
0.474057
1.0236
1.73642
1.73642
1.73642
1.73642
1.73642
1.37976
1.71282
1.71282
1.71282
1.71282
1.25456
1.25456
1.77127
1.77127
1.85339
1.85339
1.83467
1.83467
1.83467
0.812213
0.812213
0.812213
0.894449
0.894449
0.986439
1.33688
1.33688
1.33688
1.33688
1.33688
1.75958
1.75958
1.75958
1.75958
1.38146
1.38146
1.38146
1.38146
1.38146
1.38146
1.38146
1.38146
1.38146
1.38146
1.38146
1.43492
1.88843
1.12473
1.06033
0.152983
0.48535
0.516422
0.516422
0.516422
0.773851
1.92143
1.92143
1.98692
1.98608
1.98608
1.98608
1.98608
1.98608
1.98608
1.23909
1.44034
0.869635
0.869635
0.475531
0.554824
1.00183
1.00183
1.09494
1.41937
1.41937
1.41937
1.41937
1.04037
1.04037
1.04037
1.04037
1.04037
1.04037
1.04037
1.04037
1.4587
1.4587
1.4587
1.4587
1.61596
1.61596
1.61596
1.57493
1.95477
1.95477
1.95477
1.95477
1.95477
1.96461
1.96461
1.96461
1.94461
1.94461
1.94461
1.94461
1.94461
1.94461
1.05738
1.74103
1.86025
1.7135
1.7135
1.57196
1.89371
0.447431
1.23038
1.23038
1.23038
1.31526
1.74323
1.74323
1.74323
1.74323
1.74323
1.9013
1.9013
0.753177
1.21016
1.07156
1.14295
1.14295
1.14295
1.14295
1.14295
1.14295
1.28104
1.68536
1.64646
1.03994
0.466993
0.585141
0.273777
0.273777
0.273777
1.30845
1.30845
1.30845
1.30845
0.774123
0.62105
0.622966
1.81126
1.81126
0.61697
1.00047
1.00047
1.00047
0.0707653
0.0707653
0.0707653
0.593107
0.841958
0.591654
1.38027
1.80962
1.80962
1.80962
1.80962
1.80962
1.80962
1.80962
1.80962
1.80962
1.80962
0.740078
1.15114
1.15114
0.915502
1.51942
1.77747
1.77747
1.55521
0.593287
0.844063
0.457864
0.635422
0.635422
0.31305
0.31305
0.31305
0.31305
1.73055
1.73055
1.73055
1.73055
0.678467
0.678467
0.678467
0.83905
0.886496
1.20884
0.628179
1.0381
1.7161
1.7161
1.7161
1.7161
1.7161
1.7161
1.20175
1.20175
1.20175
1.20175
1.20175
1.20175
1.20175
0.894477
0.806581
0.806581
0.806581
1.3246
1.3246
1.3246
1.3246
1.27259
1.27259
1.99707
1.69475
1.43415
1.39782
1.32417
0.494238
0.3623
0.451843
0.451843
0.844538
1.41365
1.64779
1.64779
1.29315
1.29315
1.29315
1.29315
1.29315
1.86779
1.86779
1.86779
0.963093
0.774974
0.531485
1.41549
1.41549
1.41549
0.606457
0.441546
0.441546
0.441546
0.518791
0.29346
0.955838
1.03257
1.17349
1.17349
1.94941
1.94941
1.94941
1.94941
1.94941
1.94941
1.94941
1.94941
1.94941
1.94941
1.94941
1.94941
1.94941
1.94941
1.94941
1.94941
1.94941
1.94941
1.87223
1.87223
1.1352
1.89856
1.89856
1.94269
1.94269
1.94269
1.94269
1.57016
1.19146
1.19146
1.46001
1.50562
1.41362
1.41362
1.63569
1.14179
0.747626
0.747626
0.747626
1.34644
1.34644
1.34644
1.00342
1.00342
1.00342
1.00342
0.952627
0.952627
1.96362
1.96362
1.96362
1.96362
1.96362
1.95306
1.93274
1.81071
1.81071
1.75714
0.434908
0.434908
0.881418
0.881418
0.867825
0.867825
1.3021
1.3021
1.22413
0.964405
0.964405
0.171776
1.88063
1.24018
1.24018
1.24018
0.657764
0.657764
0.959802
0.959802
0.959802
0.804864
1.98898
1.98898
1.98898
1.6682
1.24258
1.68086
1.68086
1.68086
1.54228
1.26528
1.20565
1.20565
1.20565
1.20734
1.00911
1.00911
0.346086
0.346086
1.05845
1.05845
1.05845
1.13639
1.23894
1.34811
1.98844
1.98844
1.98844
1.98844
1.98844
1.98844
1.98844
1.91409
1.91409
1.25092
1.25092
0.569605
0.569605
0.935213
1.51675
1.51675
1.51675
1.51675
1.51675
1.2275
1.2275
1.08558
1.08558
1.08558
1.08558
1.31509
1.31509
1.31509
1.31509
1.21249
1.01617
1.01617
1.01617
1.01617
1.01617
1.81337
1.81337
1.81337
1.81337
1.923
1.923
1.923
1.923
0.403669
1.1715
1.1201
1.58595
1.54382
1.54382
1.1942
1.1942
1.70929
0.852962
1.11032
1.67539
1.67539
1.67539
1.87579
1.87579
1.1184
1.1184
1.1184
1.1184
1.57344
1.57344
1.57344
0.757912
1.64347
1.64347
1.74032
1.68948
1.16197
1.16197
1.51717
1.51717
1.97147
1.97147
1.39509
1.40192
1.75042
1.75042
1.75042
1.75042
0.88312
1.00863
1.59114
1.59114
1.26408
1.26408
1.26408
1.21372
1.21372
1.21372
0.687746
0.687746
0.62579
0.338008
0.436437
0.82392
0.82392
1.73282
1.73282
1.20365
0.815261
1.33155
1.33155
1.33155
1.73162
1.73162
1.73162
1.73162
1.73162
1.73162
1.73162
1.73162
1.73162
1.50879
0.644637
0.644637
1.21996
1.21996
1.21996
1.03693
1.03693
0.496067
0.569869
1.78312
1.78312
1.78312
1.78312
1.34229
0.968242
0.968242
0.968242
0.968242
0.968242
0.892844
0.892844
0.892844
0.892844
0.892844
0.892844
1.64286
1.64286
1.81133
1.81133
1.14906
1.14906
1.98491
1.59292
1.77981
1.77981
1.63192
0.60231
0.60231
0.808461
0.70906
0.70906
0.70906
0.70906
1.17473
0.630749
0.423301
1.57106
1.57106
1.57106
1.93295
1.93295
1.93295
1.76646
1.76646
1.76646
1.33853
1.64176
1.64176
1.64176
1.64176
1.29683
1.29683
1.29683
1.35605
1.35605
1.22942
1.05708
1.12968
1.55516
1.55516
1.55516
1.55516
1.55516
1.55516
1.29916
1.75414
1.86288
1.86288
1.53852
1.53852
1.53852
1.53852
1.48907
1.48907
1.48907
1.17428
0.875
1.44374
1.93343
1.93343
1.93343
1.38943
1.12359
1.12359
1.31928
1.31928
1.47956
1.29744
1.29744
1.71643
1.85757
1.85757
1.80594
1.78045
1.33413
0.745644
0.933966
1.03513
1.03513
0.642501
0.614377
0.96058
1.03309
1.89158
1.80217
1.80217
1.80217
1.80217
1.12317
1.12317
0.94173
1.69037
1.69037
1.58728
0.823179
1.25169
0.314764
0.111715
0.47765
0.773889
0.773889
0.644059
0.644059
0.644059
0.644059
0.644059
0.611352
0.611352
1.704
1.704
1.704
1.704
1.09296
1.09296
0.574596
0.695466
0.897233
0.897233
0.897233
0.897233
0.897233
0.897233
1.06519
1.06519
0.944361
1.40203
0.694993
1.00365
1.00365
1.12204
0.616361
0.616361
0.484966
0.484966
0.484966
0.484966
0.316541
1.27143
0.793357
0.793357
0.793357
0.937417
0.937417
0.746058
0.746058
0.746058
0.746058
0.746058
0.746058
0.746058
0.746058
1.61917
1.61917
1.61917
1.61917
1.61917
1.61917
1.61917
1.61917
1.71933
1.71933
1.71933
1.71933
1.82922
1.44381
1.48411
1.73314
1.10663
1.10663
1.49253
1.49253
1.44446
1.44446
1.44446
1.44446
1.44446
1.44446
1.44446
1.14809
0.511134
0.36205
0.36205
0.36205
0.36205
0.36205
0.36205
1.03612
0.844751
0.844751
0.752434
0.509628
0.509628
1.02779
1.02779
1.02779
0.455616
0.117308
0.117308
0.696443
1.2887
1.2887
1.2887
1.2887
1.2887
1.2887
1.2887
1.2887
1.2887
1.2887
1.13169
1.32211
1.32211
1.32211
1.32211
1.68165
1.68165
1.68165
1.88297
1.88297
1.88297
1.88297
1.88297
1.88297
1.77854
1.48445
1.93558
1.93558
1.93558
1.93558
1.29766
1.29766
0.516445
0.387461
0.387461
0.334328
0.334328
0.354853
0.354853
0.354853
0.354853
1.51338
1.24738
1.24738
1.24738
1.40893
1.40893
1.40893
1.40893
1.40893
1.40893
1.39892
1.39892
1.21346
1.21346
1.21346
1.21346
1.67503
1.85548
1.26927
1.26927
0.886247
0.97204
0.97204
0.97204
1.50393
1.50393
1.50393
0.939413
0.939413
0.939413
0.939413
0.779838
0.565136
1.15445
0.659557
1.69689
1.69689
1.51949
1.51949
1.51949
1.51949
1.70409
1.54565
1.54565
1.48531
1.48531
0.730163
1.33662
1.54338
1.36807
1.66677
1.66677
1.84863
1.84863
1.84863
1.26009
1.26009
1.30865
1.1019
1.1019
1.1019
0.127125
1.07493
1.07493
1.07493
1.03371
1.20975
1.66444
1.3561
1.3561
1.3561
1.32229
1.32229
1.32229
1.34276
1.34276
1.34276
1.31644
1.31644
1.31644
1.31644
1.33474
1.24517
1.24517
1.41733
0.874355
1.47255
1.47255
1.47255
1.47255
1.47255
1.42848
1.36488
1.36488
1.36488
1.46081
1.25338
0.97509
0.97509
1.63263
1.29805
1.29805
1.10707
1.38879
1.38879
1.38879
1.38879
1.849
1.849
1.21282
1.7779
1.70176
1.70176
1.70176
1.70176
1.86585
1.86585
1.86585
1.86585
1.86585
1.86585
1.86585
1.45531
1.45531
1.48685
1.48685
1.48685
1.48685
1.96588
1.96588
1.96588
1.96588
1.09912
1.09912
1.09912
1.00963
1.00963
1.78483
1.78483
1.78483
1.78483
1.35177
1.17588
1.11193
0.951363
1.66272
1.82095
1.82095
1.82095
1.82095
1.82095
1.2606
1.59047
1.79629
1.79629
1.79629
1.79629
1.79629
1.79629
1.79629
0.614278
0.258717
1.26464
0.715276
0.715276
0.319949
0.647445
0.647445
0.825552
0.825552
1.16256
1.16256
1.16256
1.19853
1.03736
1.35644
1.98779
1.98779
1.98779
1.98779
1.45686
1.45686
1.45686
1.45686
1.45686
1.28228
1.18728
1.18728
1.18728
1.71115
1.92671
1.03781
0.698363
1.09028
1.09028
0.547695
1.20381
1.20381
1.20381
1.08745
1.36823
1.36823
1.62309
0.157453
0.157453
0.157453
0.996553
0.996553
0.996553
1.72507
1.43383
1.43383
1.81881
1.81881
1.81881
1.81881
1.81881
1.81881
1.94221
1.94221
1.83498
1.83498
1.44251
0.0904996
1.23501
1.44829
0.852063
0.852063
0.852063
1.61902
1.61902
1.12688
1.12688
1.17915
1.17915
1.69085
1.69085
1.83177
1.83177
1.83177
1.83177
1.83177
1.83177
1.80005
1.80005
1.80005
1.80005
1.80005
1.80005
1.50403
1.50403
1.50403
1.50403
1.50403
1.50403
1.53605
1.53605
1.53605
1.43693
1.43693
1.43693
1.43693
1.43693
1.75505
1.75505
1.75505
1.75505
1.75505
1.62138
1.62138
1.62138
1.13332
0.913286
1.60062
1.60062
1.60062
1.60062
0.805511
0.373613
1.29067
1.29067
1.29067
1.23179
1.23179
1.23179
1.23179
1.95174
1.95174
1.95174
1.92921
0.983617
0.983617
0.983617
0.983617
0.983617
1.80457
1.80457
1.80457
1.80457
1.4012
0.876312
1.79206
1.79206
1.79206
0.424413
1.19876
1.19876
0.73639
0.73639
1.59448
1.59448
1.59448
1.59448
1.59448
1.59448
1.59448
1.59448
1.59448
1.07921
1.44916
1.2575
1.2575
1.2575
1.2575
1.22211
1.65835
1.65835
1.55022
1.55022
1.55022
1.70518
1.70518
1.55465
0.156531
0.156531
0.64443
1.82211
1.82211
1.82211
1.42469
1.42469
1.42469
1.3958
1.44281
1.44281
1.44281
1.74534
1.74534
1.74534
1.74534
1.94652
1.16971
1.16971
1.16971
1.16971
1.3425
0.494029
0.494029
1.14421
1.14421
1.14421
0.897031
1.41554
1.41554
1.41554
1.87616
1.87616
1.87616
1.87616
1.87616
1.87616
1.87616
1.87616
1.87616
1.82875
1.83263
1.86589
1.86589
1.86589
0.457306
0.361313
0.307723
0.307723
0.307723
0.307723
0.307723
0.307723
0.307723
0.319031
0.319031
0.319031
0.319031
0.319031
1.19941
1.19941
1.19941
1.19941
0.917639
0.347744
0.347744
0.313324
1.39333
1.876
1.876
1.876
1.80143
1.80143
1.73599
1.73599
1.73599
1.58284
1.58284
1.58284
1.58284
1.57712
1.62564
1.62564
1.62564
1.62564
1.87603
1.96131
1.96131
1.4326
0.989338
1.29906
0.462588
0.462588
0.462588
0.462588
0.462588
0.736316
1.07367
1.12787
1.34657
1.93251
0.915092
0.915092
1.65879
1.65879
1.57103
1.57103
1.57103
1.8591
1.8591
1.8591
1.8591
0.888292
0.888292
0.446379
1.29201
1.96253
1.96253
1.57311
1.57311
1.57311
1.57311
1.57311
1.80396
1.80396
1.80396
1.36713
1.36713
1.41331
1.41331
1.37199
1.06387
1.06387
0.343628
1.15288
1.15288
0.887708
0.887708
1.6803
1.32587
0.85632
0.27993
0.933612
1.35862